# unix_time, cycles_done, cur_path, paths_total, pending_total, pending_favs, map_size, unique_crashes, unique_hangs, max_depth, execs_per_sec
1464052237, 0, 0, 1759, 1759, 245, 11.05%, 0, 0, 1, 124.50
1464052243, 0, 12, 1765, 1765, 245, 11.05%, 0, 0, 2, 3840.80
1464052263, 0, 12, 1766, 1766, 245, 11.05%, 0, 0, 2, 4350.49
1464052273, 0, 12, 1775, 1775, 245, 11.05%, 0, 0, 2, 160.98
1464052278, 0, 12, 1782, 1782, 245, 11.05%, 0, 0, 2, 152.61
1464052283, 0, 12, 1784, 1784, 245, 11.05%, 0, 0, 2, 154.37
1464052288, 0, 12, 1791, 1791, 245, 11.05%, 0, 0, 2, 145.38
1464052293, 0, 12, 1795, 1795, 245, 11.05%, 0, 0, 2, 146.47
1464052304, 0, 12, 1796, 1796, 245, 11.05%, 0, 0, 2, 149.67
1464052309, 0, 12, 1797, 1797, 245, 11.05%, 0, 0, 2, 141.21
1464052314, 0, 12, 1798, 1798, 245, 11.05%, 0, 0, 2, 145.43
1464052319, 0, 12, 1799, 1799, 245, 11.05%, 0, 0, 2, 139.80
1464052325, 0, 12, 1800, 1800, 245, 11.05%, 0, 0, 2, 134.43
1464052330, 0, 12, 1801, 1801, 245, 11.05%, 0, 0, 2, 130.66
1464052335, 0, 12, 1802, 1802, 245, 11.05%, 0, 0, 2, 133.21
1464052340, 0, 12, 1803, 1803, 245, 11.05%, 0, 0, 2, 126.54
1464052345, 0, 12, 1804, 1804, 245, 11.05%, 0, 0, 2, 123.42
1464052350, 0, 12, 1806, 1806, 245, 11.05%, 0, 0, 2, 122.57
1464052356, 0, 12, 1808, 1808, 245, 11.05%, 0, 0, 2, 121.74
1464052361, 0, 12, 1811, 1811, 245, 11.05%, 0, 0, 2, 253.37
1464052381, 0, 12, 1812, 1812, 245, 11.05%, 0, 0, 2, 158.04
1464052386, 0, 12, 1814, 1814, 245, 11.05%, 0, 0, 2, 134.34
1464052396, 0, 12, 1821, 1821, 245, 11.05%, 0, 0, 2, 127.89
1464052402, 0, 12, 1827, 1827, 245, 11.05%, 0, 0, 2, 135.72
1464052407, 0, 12, 1834, 1834, 245, 11.05%, 0, 0, 2, 135.31
1464052412, 0, 12, 1836, 1836, 245, 11.05%, 0, 0, 2, 135.38
1464052433, 0, 12, 1837, 1837, 245, 11.05%, 0, 0, 2, 111.31
1464052469, 0, 12, 1838, 1838, 245, 11.05%, 0, 0, 2, 118.28
1464052479, 0, 12, 1840, 1840, 245, 11.05%, 0, 0, 2, 119.05
1464052494, 0, 12, 1843, 1843, 245, 11.05%, 0, 0, 2, 204.06
1464052499, 0, 12, 1845, 1845, 245, 11.05%, 0, 0, 2, 354.21
1464052509, 0, 12, 1847, 1847, 245, 11.05%, 0, 0, 2, 389.11
1464052514, 0, 12, 1849, 1849, 245, 11.05%, 0, 0, 2, 404.83
1464052530, 0, 12, 1864, 1863, 244, 11.06%, 0, 0, 2, 12.69
1464052535, 0, 12, 1886, 1885, 244, 11.06%, 0, 0, 2, 22.22
1464052540, 0, 12, 1913, 1912, 244, 11.06%, 0, 0, 2, 29.72
1464052545, 0, 12, 1936, 1935, 244, 11.06%, 0, 0, 2, 56.25
1464052550, 0, 12, 1950, 1949, 244, 11.06%, 0, 0, 2, 15.52
1464052555, 0, 12, 1965, 1964, 244, 11.06%, 0, 0, 2, 17.23
1464052560, 0, 12, 1971, 1970, 244, 11.06%, 0, 0, 2, 1.53
1464052565, 0, 12, 1987, 1986, 244, 11.07%, 0, 0, 2, 30.44
1464052571, 0, 12, 2010, 2009, 244, 11.07%, 0, 0, 2, 31.92
1464052576, 0, 12, 2023, 2022, 244, 11.07%, 0, 0, 2, 11.73
1464052581, 0, 12, 2048, 2047, 244, 11.07%, 0, 0, 2, 31.89
1464052586, 0, 12, 2056, 2055, 244, 11.07%, 0, 0, 2, 3.79
1464052591, 0, 12, 2070, 2069, 244, 11.07%, 0, 0, 2, 36.65
1464052596, 0, 12, 2087, 2086, 244, 11.07%, 0, 0, 2, 6.09
1464052601, 0, 12, 2099, 2098, 244, 11.07%, 0, 0, 2, 17.27
1464052606, 0, 12, 2114, 2113, 244, 11.07%, 0, 0, 2, 17.29
1464052612, 0, 12, 2126, 2125, 244, 11.07%, 0, 0, 2, 17.93
1464052617, 0, 12, 2141, 2140, 244, 11.07%, 0, 0, 2, 14.50
1464052622, 0, 12, 2163, 2162, 244, 11.07%, 0, 0, 2, 10.13
1464052627, 0, 12, 2186, 2185, 244, 11.07%, 0, 0, 2, 1.85
1464052632, 0, 12, 2195, 2194, 244, 11.07%, 0, 0, 2, 33.06
1464052638, 0, 12, 2227, 2226, 244, 11.07%, 0, 0, 2, 8.99
1464052643, 0, 12, 2255, 2254, 244, 11.07%, 0, 0, 2, 36.98
1464052648, 0, 12, 2283, 2282, 244, 11.07%, 0, 0, 2, 42.92
1464052653, 0, 12, 2293, 2292, 244, 11.07%, 0, 0, 2, 17.71
1464052658, 0, 12, 2320, 2319, 244, 11.07%, 0, 0, 2, 45.82
1464052663, 0, 12, 2346, 2345, 244, 11.07%, 0, 0, 2, 105.05
1464052668, 0, 12, 2368, 2367, 244, 11.07%, 0, 0, 2, 31.42
1464052673, 0, 12, 2392, 2391, 244, 11.07%, 0, 0, 2, 13.52
1464052679, 0, 12, 2419, 2418, 244, 11.07%, 0, 0, 2, 5.27
1464052684, 0, 12, 2436, 2435, 244, 11.07%, 0, 0, 2, 12.42
1464052689, 0, 12, 2464, 2463, 244, 11.07%, 0, 0, 2, 48.25
1464052694, 0, 12, 2478, 2477, 244, 11.07%, 0, 0, 2, 117.28
1464052699, 0, 12, 2502, 2501, 244, 11.07%, 0, 0, 2, 94.42
1464052704, 0, 12, 2523, 2522, 244, 11.07%, 0, 0, 2, 2.50
1464052709, 0, 12, 2539, 2538, 244, 11.07%, 0, 0, 2, 15.76
1464052714, 0, 12, 2549, 2548, 244, 11.07%, 0, 0, 2, 86.60
1464052720, 0, 12, 2553, 2552, 244, 11.07%, 0, 0, 2, 2.16
1464052725, 0, 12, 2558, 2557, 244, 11.07%, 0, 0, 2, 72.05
1464052730, 0, 12, 2561, 2560, 244, 11.07%, 0, 0, 2, 79.38
1464052735, 0, 12, 2563, 2562, 244, 11.07%, 0, 0, 2, 63.79
1464052740, 0, 12, 2569, 2568, 244, 11.07%, 0, 0, 2, 90.62
1464052745, 0, 12, 2571, 2570, 244, 11.07%, 0, 0, 2, 72.32
1464052751, 0, 12, 2576, 2575, 244, 11.07%, 0, 0, 2, 5.31
1464052756, 0, 12, 2578, 2577, 244, 11.07%, 0, 0, 2, 67.13
1464052761, 0, 12, 2582, 2581, 244, 11.07%, 0, 0, 2, 89.55
1464052766, 0, 12, 2584, 2583, 244, 11.07%, 0, 0, 2, 72.67
1464052771, 0, 12, 2587, 2586, 244, 11.07%, 0, 0, 2, 79.83
1464052776, 0, 12, 2589, 2588, 244, 11.07%, 0, 0, 2, 49.57
1464052786, 0, 12, 2590, 2589, 244, 11.07%, 0, 0, 2, 29.44
1464052791, 0, 12, 2591, 2590, 244, 11.07%, 0, 0, 2, 84.70
1464052797, 0, 12, 2593, 2592, 244, 11.07%, 0, 0, 2, 13.27
1464052802, 0, 12, 2595, 2594, 244, 11.07%, 0, 0, 2, 32.32
1464052807, 0, 12, 2596, 2595, 244, 11.07%, 0, 0, 2, 65.50
1464052828, 0, 12, 2597, 2596, 244, 11.07%, 0, 0, 2, 97.09
1464052833, 0, 12, 2598, 2597, 244, 11.07%, 0, 0, 2, 88.15
1464052854, 0, 12, 2599, 2598, 244, 11.07%, 0, 0, 2, 70.42
1464052864, 0, 12, 2601, 2600, 244, 11.07%, 0, 0, 2, 76.82
1464052885, 0, 12, 2602, 2601, 244, 11.07%, 0, 0, 2, 68.84
1464052925, 0, 26, 2602, 2601, 251, 11.07%, 0, 0, 2, 68.51
1464052972, 0, 59, 2602, 2600, 250, 11.07%, 0, 0, 2, 238.79
1464053059, 0, 60, 2602, 2599, 249, 11.07%, 0, 0, 2, 2020.23
1464053150, 0, 60, 2603, 2600, 249, 11.07%, 0, 0, 2, 53.16
1464053329, 0, 63, 2603, 2599, 248, 11.07%, 0, 0, 2, 971.72
1464053617, 0, 63, 2604, 2600, 248, 11.07%, 0, 0, 2, 2.35
1464055301, 0, 88, 2604, 2599, 247, 11.07%, 0, 0, 2, 364.71
1464055312, 0, 88, 2604, 2599, 247, 11.07%, 1, 0, 2, 805.10
1464055603, 0, 88, 2612, 2606, 247, 11.07%, 1, 0, 2, 19.42
1464055608, 0, 88, 2617, 2611, 247, 11.07%, 1, 0, 2, 19.88
1464055613, 0, 88, 2618, 2612, 247, 11.07%, 1, 0, 2, 41.63
1464055619, 0, 88, 2619, 2613, 247, 11.07%, 1, 0, 2, 3.55
1464055639, 0, 88, 2620, 2614, 247, 11.07%, 1, 0, 2, 33.47
1464055655, 0, 88, 2621, 2615, 247, 11.07%, 1, 0, 2, 26.97
1464055660, 0, 96, 2621, 2615, 246, 11.07%, 1, 0, 2, 792.84
1464055670, 0, 96, 2622, 2616, 246, 11.07%, 1, 0, 2, 807.27
1464056018, 0, 96, 2622, 2616, 246, 11.07%, 2, 0, 2, 79.28
1464056034, 0, 96, 2623, 2617, 246, 11.07%, 2, 0, 2, 6.39
1464056471, 0, 107, 2623, 2616, 245, 11.07%, 2, 0, 2, 1076.56
1464056901, 0, 113, 2623, 2615, 244, 11.07%, 2, 0, 2, 1701.62
1464057312, 0, 115, 2623, 2614, 243, 11.07%, 2, 0, 2, 163.38
1464057475, 0, 115, 2624, 2615, 243, 11.07%, 2, 0, 2, 7.70
1464057859, 0, 119, 2624, 2614, 242, 11.07%, 2, 0, 2, 2560.27
1464057864, 0, 119, 2625, 2615, 242, 11.07%, 2, 0, 2, 130.25
1464057987, 0, 119, 2626, 2615, 241, 11.07%, 2, 0, 2, 9.89
1464057992, 0, 130, 2631, 2620, 242, 11.07%, 2, 0, 2, 653.57
1464058125, 0, 130, 2632, 2621, 242, 11.07%, 2, 0, 2, 9.69
1464058505, 0, 132, 2632, 2620, 241, 11.07%, 2, 0, 2, 1029.52
1464059002, 0, 133, 2632, 2619, 240, 11.07%, 2, 0, 2, 77.87
1464059013, 0, 133, 2633, 2620, 240, 11.07%, 2, 0, 2, 47.29
1464059033, 0, 133, 2634, 2621, 240, 11.07%, 2, 0, 2, 22.56
1464059171, 0, 138, 2634, 2620, 239, 11.07%, 2, 0, 2, 501.31
1464059698, 0, 173, 2634, 2619, 238, 11.07%, 2, 0, 2, 161.14
1464059815, 0, 173, 2635, 2620, 238, 11.07%, 2, 0, 2, 27.22
1464059821, 0, 173, 2636, 2621, 238, 11.07%, 2, 0, 2, 27.80
1464059866, 0, 173, 2637, 2622, 238, 11.07%, 2, 0, 2, 23.14
1464060151, 0, 173, 2638, 2623, 238, 11.07%, 2, 0, 2, 102.06
1464060213, 0, 173, 2639, 2623, 237, 11.07%, 2, 0, 2, 10.57
1464060218, 0, 174, 2639, 2623, 235, 11.07%, 2, 0, 2, 1266.75
1464060473, 0, 174, 2640, 2624, 235, 11.07%, 2, 0, 2, 497.15
1464061069, 0, 174, 2641, 2625, 235, 11.07%, 2, 0, 2, 5.80
1464061537, 0, 188, 2641, 2624, 234, 11.07%, 2, 0, 2, 4457.20
1464061813, 0, 189, 2641, 2623, 234, 11.07%, 2, 0, 2, 3373.69
1464062058, 0, 198, 2641, 2622, 233, 11.07%, 2, 0, 2, 2239.39
1464062394, 0, 202, 2641, 2621, 232, 11.07%, 2, 0, 2, 141.12
1464062712, 0, 204, 2643, 2622, 231, 11.07%, 2, 0, 2, 10.71
1464063051, 0, 209, 2643, 2621, 230, 11.07%, 2, 0, 2, 3873.57
1464063512, 0, 218, 2643, 2620, 229, 11.07%, 2, 0, 2, 1186.63
1464064222, 0, 222, 2643, 2619, 228, 11.07%, 2, 0, 2, 5149.27
1464064293, 0, 222, 2644, 2620, 228, 11.07%, 2, 0, 2, 74.13
1464064923, 0, 222, 2645, 2621, 228, 11.07%, 2, 0, 2, 180.51
1464064934, 0, 223, 2645, 2620, 227, 11.07%, 2, 0, 2, 2677.82
1464065356, 0, 230, 2648, 2622, 226, 11.07%, 2, 0, 2, 4710.17
1464065482, 0, 234, 2648, 2621, 225, 11.07%, 2, 0, 2, 77.71
1464065757, 0, 237, 2648, 2620, 225, 11.07%, 2, 0, 2, 1882.10
1464066064, 0, 240, 2648, 2619, 224, 11.07%, 2, 0, 2, 133.70
1464066130, 0, 240, 2648, 2619, 224, 11.07%, 3, 0, 2, 113.79
1464066283, 0, 242, 2648, 2618, 223, 11.07%, 3, 0, 2, 2376.44
1464066944, 0, 244, 2648, 2617, 222, 11.07%, 3, 0, 2, 2821.49
1464067342, 0, 253, 2648, 2616, 221, 11.07%, 3, 0, 2, 130.73
1464067408, 0, 264, 2648, 2615, 220, 11.07%, 3, 0, 2, 4741.13
1464067486, 0, 266, 2648, 2614, 219, 11.07%, 3, 0, 2, 6.76
1464067723, 0, 272, 2648, 2613, 218, 11.07%, 3, 0, 2, 2031.48
1464067977, 0, 278, 2649, 2613, 217, 11.07%, 3, 0, 2, 2015.88
1464068551, 0, 281, 2649, 2612, 216, 11.07%, 3, 0, 2, 2110.78
1464068659, 0, 282, 2649, 2611, 215, 11.07%, 3, 0, 2, 83.88
1464068921, 0, 283, 2649, 2610, 214, 11.07%, 3, 0, 2, 5629.48
1464069555, 0, 291, 2649, 2609, 213, 11.07%, 3, 0, 2, 232.75
1464069591, 0, 300, 2649, 2608, 212, 11.07%, 3, 0, 2, 5132.69
1464070286, 0, 304, 2649, 2607, 211, 11.07%, 3, 0, 2, 1326.70
1464070317, 0, 307, 2649, 2606, 210, 11.07%, 3, 0, 2, 536.34
1464070732, 0, 307, 2650, 2607, 210, 11.07%, 3, 0, 2, 17.19
1464071009, 0, 320, 2650, 2606, 209, 11.07%, 3, 0, 2, 1880.69
1464071197, 0, 326, 2650, 2605, 208, 11.07%, 3, 0, 2, 1074.62
1464071443, 0, 326, 2651, 2606, 208, 11.07%, 3, 0, 2, 232.23
1464071479, 0, 340, 2652, 2606, 207, 11.07%, 3, 0, 2, 206.47
1464071680, 0, 353, 2652, 2605, 206, 11.07%, 3, 0, 2, 2625.00
1464071833, 0, 361, 2652, 2604, 205, 11.07%, 3, 0, 2, 2077.95
1464072351, 0, 367, 2652, 2603, 204, 11.07%, 3, 0, 2, 207.74
1464072586, 0, 367, 2653, 2604, 204, 11.07%, 3, 0, 2, 41.37
1464073297, 0, 375, 2653, 2603, 203, 11.07%, 3, 0, 2, 3495.08
1464073415, 0, 380, 2653, 2602, 202, 11.07%, 3, 0, 2, 4779.33
1464073682, 0, 382, 2653, 2601, 201, 11.07%, 3, 0, 2, 282.94
1464073882, 0, 385, 2653, 2600, 200, 11.07%, 3, 0, 2, 1821.42
1464074122, 0, 386, 2653, 2599, 199, 11.07%, 3, 0, 2, 1551.66
1464074470, 0, 396, 2653, 2598, 198, 11.07%, 3, 0, 2, 2419.18
1464074730, 0, 403, 2653, 2597, 197, 11.07%, 3, 0, 2, 81.95
1464074766, 0, 466, 2653, 2596, 196, 11.07%, 3, 0, 2, 827.09
1464075011, 0, 475, 2653, 2595, 195, 11.07%, 3, 0, 2, 1276.91
1464075210, 0, 483, 2653, 2594, 194, 11.07%, 3, 0, 2, 2474.91
1464075963, 0, 492, 2653, 2593, 193, 11.07%, 3, 0, 2, 674.93
1464076076, 0, 496, 2654, 2593, 192, 11.07%, 3, 0, 2, 683.66
1464076718, 0, 509, 2654, 2592, 191, 11.07%, 3, 0, 2, 3690.46
1464076999, 0, 517, 2654, 2591, 190, 11.07%, 3, 0, 2, 202.53
1464077091, 0, 517, 2655, 2592, 190, 11.07%, 3, 0, 2, 2.63
1464077437, 0, 526, 2655, 2591, 189, 11.07%, 3, 0, 2, 835.37
1464078668, 0, 529, 2655, 2590, 188, 11.07%, 3, 0, 2, 2169.04
1464078822, 0, 531, 2655, 2589, 187, 11.07%, 3, 0, 2, 92.57
1464079078, 0, 534, 2655, 2588, 186, 11.07%, 3, 0, 2, 2546.15
1464079548, 0, 540, 2655, 2587, 185, 11.07%, 3, 0, 2, 419.03
1464079877, 0, 547, 2655, 2586, 184, 11.07%, 3, 0, 2, 60.97
1464080000, 0, 555, 2655, 2585, 183, 11.07%, 3, 0, 2, 83.49
1464080082, 0, 566, 2655, 2584, 182, 11.07%, 3, 0, 2, 365.86
1464080250, 0, 603, 2655, 2583, 182, 11.07%, 3, 0, 2, 266.21
1464080327, 0, 633, 2655, 2582, 182, 11.07%, 3, 0, 2, 369.55
1464080634, 0, 639, 2655, 2581, 181, 11.07%, 3, 0, 2, 526.13
1464080813, 0, 640, 2655, 2580, 180, 11.07%, 3, 0, 2, 260.53
1464080880, 0, 677, 2655, 2579, 179, 11.07%, 3, 0, 2, 1881.96
1464080936, 0, 677, 2655, 2579, 179, 11.07%, 4, 0, 2, 12.70
1464081627, 0, 678, 2655, 2578, 178, 11.07%, 4, 0, 2, 830.93
1464081822, 0, 685, 2655, 2577, 177, 11.07%, 4, 0, 2, 367.46
1464082698, 0, 697, 2655, 2576, 176, 11.07%, 4, 0, 2, 37.62
1464082816, 0, 710, 2655, 2575, 175, 11.07%, 4, 0, 2, 1398.95
1464083356, 0, 715, 2655, 2574, 174, 11.07%, 4, 0, 2, 569.78
1464084155, 0, 723, 2655, 2573, 173, 11.07%, 4, 0, 2, 1616.73
1464084807, 0, 742, 2655, 2572, 172, 11.07%, 4, 0, 2, 73.75
1464084853, 0, 745, 2655, 2571, 171, 11.07%, 4, 0, 2, 198.99
1464085083, 0, 746, 2655, 2570, 170, 11.07%, 4, 0, 2, 3286.86
1464085402, 0, 750, 2655, 2569, 169, 11.07%, 4, 0, 2, 686.32
1464085685, 0, 758, 2655, 2568, 168, 11.07%, 4, 0, 2, 4076.98
1464085926, 0, 761, 2655, 2567, 167, 11.07%, 4, 0, 2, 2834.52
1464086332, 0, 762, 2655, 2566, 166, 11.07%, 4, 0, 2, 1132.33
1464086403, 0, 765, 2655, 2565, 165, 11.07%, 4, 0, 2, 460.68
1464086871, 0, 779, 2655, 2564, 164, 11.07%, 4, 0, 2, 1878.55
1464088040, 0, 779, 2655, 2564, 164, 11.07%, 5, 0, 2, 4.19
1464088153, 0, 796, 2655, 2563, 164, 11.07%, 5, 0, 2, 252.09
1464088868, 0, 804, 2655, 2562, 163, 11.07%, 5, 0, 2, 696.23
1464089032, 0, 805, 2655, 2561, 162, 11.07%, 5, 0, 2, 3850.63
1464089228, 0, 805, 2655, 2561, 162, 11.07%, 6, 0, 2, 84.07
1464089381, 0, 807, 2655, 2560, 161, 11.07%, 6, 0, 2, 440.98
1464089546, 0, 817, 2655, 2559, 160, 11.07%, 6, 0, 2, 256.07
1464089628, 0, 823, 2655, 2558, 159, 11.07%, 6, 0, 2, 349.21
1464089956, 0, 831, 2655, 2557, 158, 11.07%, 6, 0, 2, 69.79
1464090156, 0, 843, 2655, 2556, 158, 11.07%, 6, 0, 2, 1179.03
1464090708, 0, 845, 2655, 2555, 157, 11.07%, 6, 0, 2, 345.13
1464090820, 0, 848, 2655, 2554, 156, 11.07%, 6, 0, 2, 183.03
1464091634, 0, 849, 2655, 2553, 155, 11.07%, 6, 0, 2, 160.79
1464092140, 0, 852, 2655, 2552, 154, 11.07%, 6, 0, 2, 66.48
1464092420, 0, 866, 2655, 2551, 153, 11.07%, 6, 0, 2, 29.86
1464092430, 0, 866, 2655, 2551, 153, 11.07%, 7, 0, 2, 70.95
1464092496, 0, 866, 2655, 2551, 153, 11.07%, 8, 0, 2, 29.60
1464092553, 0, 866, 2655, 2551, 153, 11.07%, 9, 0, 2, 45.68
1464092578, 0, 875, 2655, 2550, 152, 11.07%, 9, 0, 2, 48.64
1464092896, 0, 878, 2656, 2550, 151, 11.07%, 9, 0, 2, 70.50
1464093192, 0, 908, 2656, 2549, 150, 11.07%, 9, 0, 2, 2229.28
1464093449, 0, 913, 2656, 2548, 149, 11.07%, 9, 0, 2, 421.34
1464093557, 0, 919, 2656, 2547, 148, 11.07%, 9, 0, 2, 36.78
1464093644, 0, 921, 2656, 2546, 147, 11.07%, 9, 0, 2, 191.60
1464093690, 0, 930, 2656, 2545, 146, 11.07%, 9, 0, 2, 955.93
1464093874, 0, 935, 2656, 2544, 145, 11.07%, 9, 0, 2, 51.48
1464094287, 0, 950, 2656, 2543, 145, 11.07%, 9, 0, 2, 800.04
1464094914, 0, 953, 2656, 2542, 144, 11.07%, 9, 0, 2, 877.15
1464095160, 0, 957, 2656, 2541, 144, 11.07%, 9, 0, 2, 636.98
1464095257, 0, 978, 2656, 2540, 143, 11.07%, 9, 0, 2, 409.33
1464095598, 0, 981, 2656, 2539, 142, 11.07%, 9, 0, 2, 422.50
1464095910, 0, 998, 2656, 2538, 141, 11.07%, 9, 0, 2, 157.33
1464096289, 0, 1015, 2656, 2537, 140, 11.07%, 9, 0, 2, 1080.77
1464096478, 0, 1022, 2656, 2536, 139, 11.07%, 9, 0, 2, 386.84
1464096596, 0, 1040, 2657, 2536, 138, 11.07%, 9, 0, 2, 1089.70
1464097036, 0, 1042, 2657, 2535, 137, 11.07%, 9, 0, 2, 1110.46
1464097854, 0, 1045, 2657, 2534, 136, 11.07%, 9, 0, 2, 2119.53
1464098161, 0, 1064, 2657, 2533, 135, 11.07%, 9, 0, 2, 459.41
1464098591, 0, 1064, 2657, 2533, 135, 11.07%, 10, 0, 2, 202.89
1464098612, 0, 1064, 2657, 2533, 135, 11.07%, 11, 0, 2, 105.05
1464098627, 0, 1079, 2657, 2532, 134, 11.07%, 11, 0, 2, 187.55
1464098735, 0, 1087, 2659, 2533, 133, 11.07%, 11, 0, 2, 1445.26
