# unix_time, cycles_done, cur_path, paths_total, pending_total, pending_favs, map_size, unique_crashes, unique_hangs, max_depth, execs_per_sec
1464051531, 0, 0, 1739, 1739, 246, 11.05%, 0, 0, 1, 76.04
1464051536, 0, 9, 1741, 1741, 246, 11.05%, 0, 0, 2, 59.92
1464051541, 0, 9, 1744, 1744, 246, 11.05%, 0, 0, 2, 51.74
1464051547, 0, 9, 1745, 1745, 246, 11.05%, 0, 0, 2, 49.39
1464051557, 0, 9, 1748, 1748, 246, 11.05%, 0, 0, 2, 54.12
1464051562, 0, 9, 1750, 1750, 246, 11.05%, 0, 0, 2, 57.07
1464051567, 0, 9, 1751, 1751, 246, 11.05%, 0, 0, 2, 50.26
1464051572, 0, 9, 1753, 1753, 246, 11.05%, 0, 0, 2, 47.54
1464051582, 0, 9, 1754, 1754, 246, 11.05%, 0, 0, 2, 49.94
1464051587, 0, 9, 1755, 1755, 246, 11.05%, 0, 0, 2, 50.97
1464051592, 0, 9, 1756, 1756, 246, 11.05%, 0, 0, 2, 47.64
1464051607, 0, 9, 1757, 1757, 246, 11.05%, 0, 0, 2, 45.43
1464051612, 0, 9, 1758, 1758, 246, 11.05%, 0, 0, 2, 46.55
1464051628, 0, 9, 1759, 1759, 246, 11.05%, 0, 0, 2, 44.75
1464051633, 0, 9, 1760, 1760, 246, 11.05%, 0, 0, 2, 44.39
1464051638, 0, 9, 1761, 1761, 246, 11.05%, 0, 0, 2, 46.34
1464051658, 0, 9, 1762, 1762, 246, 11.05%, 0, 0, 2, 45.67
1464051663, 0, 9, 1767, 1767, 246, 11.05%, 0, 0, 2, 38.79
1464051668, 0, 9, 1770, 1770, 246, 11.05%, 0, 0, 2, 46.43
1464051673, 0, 9, 1772, 1772, 246, 11.05%, 0, 0, 2, 42.06
1464051771, 0, 9, 1773, 1773, 246, 11.05%, 0, 0, 2, 563.73
1464051776, 0, 9, 1777, 1777, 246, 11.05%, 0, 0, 2, 342.47
1464051781, 0, 9, 1782, 1782, 246, 11.05%, 0, 0, 2, 22.94
1464051786, 0, 9, 1784, 1784, 246, 11.05%, 0, 0, 2, 22.93
1464051801, 0, 9, 1787, 1787, 246, 11.05%, 0, 0, 2, 23.45
1464051806, 0, 9, 1788, 1788, 246, 11.05%, 0, 0, 2, 28.05
1464051817, 0, 9, 1789, 1789, 246, 11.05%, 0, 0, 2, 27.00
1464051822, 0, 9, 1790, 1790, 246, 11.05%, 0, 0, 2, 23.62
1464051847, 0, 9, 1791, 1791, 246, 11.05%, 0, 0, 2, 23.21
1464051857, 0, 9, 1792, 1792, 246, 11.05%, 0, 0, 2, 24.76
1464051862, 0, 9, 1793, 1793, 246, 11.05%, 0, 0, 2, 24.81
1464051873, 0, 9, 1794, 1794, 246, 11.05%, 0, 0, 2, 24.27
1464051883, 0, 9, 1796, 1796, 246, 11.05%, 0, 0, 2, 24.81
1464051893, 0, 9, 1797, 1797, 246, 11.05%, 0, 0, 2, 24.84
1464051913, 0, 9, 1798, 1798, 246, 11.05%, 0, 0, 2, 23.53
1464051939, 0, 9, 1799, 1799, 246, 11.05%, 0, 0, 2, 22.62
1464051949, 0, 9, 1800, 1800, 246, 11.05%, 0, 0, 2, 21.82
1464052031, 0, 9, 1802, 1802, 246, 11.05%, 0, 0, 2, 42.38
1464052041, 0, 9, 1816, 1815, 246, 11.05%, 0, 0, 2, 16.59
1464052046, 0, 9, 1830, 1829, 246, 11.06%, 0, 0, 2, 11.14
1464052052, 0, 9, 1859, 1858, 246, 11.06%, 0, 0, 2, 19.34
1464052057, 0, 9, 1885, 1884, 246, 11.06%, 0, 0, 2, 31.38
1464052062, 0, 9, 1904, 1903, 246, 11.06%, 0, 0, 2, 1.82
1464052067, 0, 9, 1918, 1917, 246, 11.06%, 0, 0, 2, 10.75
1464052072, 0, 9, 1930, 1929, 246, 11.06%, 0, 0, 2, 1.81
1464052077, 0, 9, 1946, 1945, 246, 11.07%, 0, 0, 2, 50.32
1464052082, 0, 9, 1967, 1966, 246, 11.07%, 0, 0, 2, 11.42
1464052088, 0, 9, 1981, 1980, 246, 11.07%, 0, 0, 2, 62.61
1464052093, 0, 9, 2006, 2005, 246, 11.07%, 0, 0, 2, 39.71
1464052098, 0, 9, 2018, 2017, 246, 11.07%, 0, 0, 2, 1.64
1464052103, 0, 9, 2033, 2032, 246, 11.07%, 0, 0, 2, 41.68
1464052108, 0, 9, 2058, 2057, 246, 11.07%, 0, 0, 2, 68.99
1464052113, 0, 9, 2068, 2067, 246, 11.07%, 0, 0, 2, 103.45
1464052118, 0, 9, 2082, 2081, 246, 11.07%, 0, 0, 2, 12.35
1464052123, 0, 9, 2101, 2100, 246, 11.07%, 0, 0, 2, 24.14
1464052128, 0, 9, 2115, 2114, 246, 11.07%, 0, 0, 2, 4.42
1464052134, 0, 9, 2131, 2130, 246, 11.07%, 0, 0, 2, 14.29
1464052139, 0, 9, 2147, 2146, 246, 11.07%, 0, 0, 2, 1.68
1464052144, 0, 9, 2156, 2155, 246, 11.07%, 0, 0, 2, 8.18
1464052149, 0, 9, 2177, 2176, 246, 11.07%, 0, 0, 2, 12.88
1464052154, 0, 9, 2199, 2198, 246, 11.07%, 0, 0, 2, 146.96
1464052159, 0, 9, 2225, 2224, 246, 11.07%, 0, 0, 2, 87.45
1464052164, 0, 9, 2243, 2242, 246, 11.07%, 0, 0, 2, 5.67
1464052170, 0, 9, 2250, 2249, 246, 11.07%, 0, 0, 2, 12.34
1464052175, 0, 9, 2267, 2266, 246, 11.07%, 0, 0, 2, 45.42
1464052180, 0, 9, 2288, 2287, 246, 11.07%, 0, 0, 2, 35.06
1464052185, 0, 9, 2308, 2307, 246, 11.07%, 0, 0, 2, 69.92
1464052190, 0, 9, 2327, 2326, 246, 11.07%, 0, 0, 2, 64.68
1464052195, 0, 9, 2342, 2341, 246, 11.07%, 0, 0, 2, 19.89
1464052200, 0, 9, 2360, 2359, 246, 11.07%, 0, 0, 2, 18.12
1464052205, 0, 9, 2372, 2371, 246, 11.07%, 0, 0, 2, 1.66
1464052210, 0, 9, 2397, 2396, 246, 11.07%, 0, 0, 2, 81.14
1464052215, 0, 9, 2412, 2411, 246, 11.07%, 0, 0, 2, 10.49
1464052221, 0, 9, 2430, 2429, 246, 11.07%, 0, 0, 2, 44.45
1464052226, 0, 9, 2448, 2447, 246, 11.07%, 0, 0, 2, 1.34
1464052231, 0, 9, 2462, 2461, 246, 11.07%, 0, 0, 2, 73.53
1464052236, 0, 9, 2479, 2478, 246, 11.07%, 0, 0, 2, 111.11
1464052241, 0, 9, 2500, 2499, 246, 11.07%, 0, 0, 2, 77.48
1464052246, 0, 9, 2513, 2512, 246, 11.07%, 0, 0, 2, 40.97
1464052251, 0, 9, 2523, 2522, 246, 11.07%, 0, 0, 2, 18.87
1464052256, 0, 9, 2533, 2532, 246, 11.07%, 0, 0, 2, 58.16
1464052261, 0, 9, 2537, 2536, 246, 11.07%, 0, 0, 2, 109.41
1464052266, 0, 9, 2540, 2539, 246, 11.07%, 0, 0, 2, 115.94
1464052271, 0, 9, 2543, 2542, 246, 11.07%, 0, 0, 2, 115.13
1464052276, 0, 9, 2546, 2545, 246, 11.07%, 0, 0, 2, 98.44
1464052281, 0, 9, 2549, 2548, 246, 11.07%, 0, 0, 2, 102.08
1464052286, 0, 9, 2551, 2550, 246, 11.07%, 0, 0, 2, 110.40
1464052297, 0, 9, 2553, 2552, 246, 11.07%, 0, 0, 2, 104.50
1464052302, 0, 9, 2556, 2555, 246, 11.07%, 0, 0, 2, 98.08
1464052307, 0, 9, 2557, 2556, 246, 11.07%, 0, 0, 2, 104.42
1464052317, 0, 9, 2558, 2557, 246, 11.07%, 0, 0, 2, 103.07
1464052322, 0, 9, 2559, 2558, 246, 11.07%, 0, 0, 2, 96.77
1464052328, 0, 9, 2560, 2559, 246, 11.07%, 0, 0, 2, 3.92
1464052338, 0, 9, 2562, 2561, 246, 11.07%, 0, 2, 2, 27.61
1464052348, 0, 9, 2564, 2563, 246, 11.07%, 0, 3, 2, 8.18
1464052353, 0, 9, 2565, 2564, 246, 11.07%, 0, 4, 2, 5.51
1464052364, 0, 9, 2567, 2566, 246, 11.07%, 0, 4, 2, 102.91
1464052369, 0, 9, 2570, 2569, 246, 11.07%, 0, 5, 2, 5.14
1464052374, 0, 9, 2572, 2571, 246, 11.07%, 0, 5, 2, 1.46
1464052379, 0, 9, 2574, 2573, 246, 11.07%, 0, 5, 2, 4.33
1464052384, 0, 9, 2575, 2574, 246, 11.07%, 0, 6, 2, 28.75
1464052390, 0, 9, 2575, 2574, 246, 11.07%, 0, 9, 2, 4.92
1464052395, 0, 9, 2576, 2575, 246, 11.07%, 0, 10, 2, 57.64
1464052400, 0, 9, 2576, 2575, 246, 11.07%, 0, 12, 2, 12.34
1464052405, 0, 9, 2578, 2577, 246, 11.07%, 0, 12, 2, 16.37
1464052410, 0, 9, 2578, 2577, 246, 11.07%, 0, 15, 2, 79.37
1464052416, 0, 9, 2579, 2578, 246, 11.07%, 0, 15, 2, 13.35
1464052421, 0, 9, 2580, 2579, 246, 11.07%, 0, 17, 2, 5.71
1464052431, 0, 9, 2581, 2580, 246, 11.07%, 0, 17, 2, 51.83
1464052437, 0, 9, 2582, 2581, 246, 11.07%, 0, 18, 2, 54.16
1464052442, 0, 9, 2584, 2583, 246, 11.07%, 0, 18, 2, 67.50
1464052447, 0, 9, 2587, 2586, 246, 11.07%, 0, 18, 2, 4.22
1464052458, 0, 9, 2587, 2586, 246, 11.07%, 0, 19, 2, 58.93
1464052463, 0, 9, 2588, 2587, 246, 11.07%, 0, 19, 2, 92.43
1464052473, 0, 9, 2588, 2587, 246, 11.07%, 0, 20, 2, 38.22
1464052478, 0, 9, 2589, 2588, 246, 11.07%, 0, 20, 2, 5.65
1464052483, 0, 9, 2590, 2589, 246, 11.07%, 0, 20, 2, 32.62
1464052493, 0, 9, 2591, 2590, 246, 11.07%, 0, 21, 2, 35.34
1464052499, 0, 9, 2592, 2591, 246, 11.07%, 0, 21, 2, 39.24
1464052514, 0, 9, 2593, 2592, 246, 11.07%, 0, 21, 2, 50.15
1464052519, 0, 9, 2593, 2592, 246, 11.07%, 0, 22, 2, 32.71
1464052525, 0, 9, 2594, 2593, 246, 11.07%, 0, 23, 2, 31.87
1464052530, 0, 9, 2594, 2593, 246, 11.07%, 0, 24, 2, 6.17
1464052540, 0, 9, 2595, 2594, 246, 11.07%, 0, 25, 2, 7.23
1464052545, 0, 9, 2596, 2595, 246, 11.07%, 0, 25, 2, 4.15
1464052556, 0, 9, 2597, 2596, 246, 11.07%, 0, 25, 2, 60.13
1464052562, 0, 9, 2598, 2597, 246, 11.07%, 0, 25, 2, 8.44
1464052567, 0, 9, 2599, 2598, 246, 11.07%, 0, 25, 2, 67.83
1464052583, 0, 11, 2601, 2600, 235, 11.07%, 0, 25, 2, 231.79
1464052619, 0, 25, 2601, 2599, 234, 11.07%, 0, 25, 2, 101.17
1464052655, 0, 58, 2601, 2598, 233, 11.07%, 0, 25, 2, 988.84
1464052878, 0, 58, 2602, 2599, 233, 11.07%, 0, 25, 2, 228.89
1464053773, 0, 61, 2602, 2598, 232, 11.07%, 0, 25, 2, 927.79
1464053968, 0, 94, 2602, 2597, 231, 11.07%, 0, 25, 2, 633.99
1464054121, 0, 94, 2602, 2596, 230, 11.07%, 0, 25, 2, 5.49
1464054126, 0, 94, 2603, 2597, 230, 11.07%, 0, 25, 2, 2.78
1464054131, 0, 94, 2604, 2598, 230, 11.07%, 0, 25, 2, 30.68
1464054233, 0, 94, 2605, 2599, 230, 11.07%, 0, 25, 2, 8.02
1464054274, 0, 95, 2605, 2599, 230, 11.07%, 0, 25, 2, 659.32
1464054412, 0, 100, 2605, 2598, 229, 11.07%, 0, 25, 2, 967.50
1464054866, 0, 112, 2605, 2597, 228, 11.07%, 0, 25, 2, 1516.67
1464055107, 0, 112, 2606, 2598, 228, 11.07%, 0, 25, 2, 4.90
1464055348, 0, 118, 2606, 2597, 227, 11.07%, 0, 25, 2, 1922.19
1464055369, 0, 118, 2607, 2598, 227, 11.07%, 0, 25, 2, 139.84
1464055455, 0, 129, 2607, 2597, 226, 11.07%, 0, 25, 2, 531.93
1464055725, 0, 129, 2613, 2602, 225, 11.07%, 0, 25, 2, 17.10
1464055731, 0, 170, 2614, 2603, 225, 11.07%, 0, 25, 2, 381.79
1464055843, 0, 171, 2614, 2602, 224, 11.07%, 0, 25, 2, 802.49
1464056268, 0, 176, 2614, 2601, 223, 11.07%, 0, 25, 2, 825.71
1464056309, 0, 186, 2614, 2600, 223, 11.07%, 0, 25, 2, 2791.84
1464056452, 0, 195, 2614, 2599, 222, 11.07%, 0, 25, 2, 1490.00
1464056622, 0, 195, 2614, 2598, 221, 11.07%, 0, 25, 2, 6.32
1464056627, 0, 200, 2614, 2598, 221, 11.07%, 0, 25, 2, 85.61
1464056946, 0, 202, 2614, 2597, 220, 11.07%, 0, 25, 2, 1858.92
1464057002, 0, 207, 2614, 2596, 219, 11.07%, 0, 25, 2, 1550.62
1464057181, 0, 211, 2614, 2595, 218, 11.07%, 0, 25, 2, 1939.16
1464057380, 0, 211, 2615, 2596, 218, 11.07%, 0, 25, 2, 9.06
1464057590, 0, 215, 2615, 2595, 217, 11.07%, 0, 25, 2, 1628.82
1464057794, 0, 219, 2618, 2597, 216, 11.07%, 0, 25, 2, 2572.77
1464058117, 0, 220, 2618, 2596, 215, 11.07%, 0, 25, 2, 1313.20
1464058352, 0, 227, 2618, 2595, 214, 11.07%, 0, 25, 2, 135.65
1464058357, 0, 227, 2619, 2596, 214, 11.07%, 0, 25, 2, 11.54
1464058430, 0, 233, 2619, 2595, 213, 11.07%, 0, 25, 2, 1513.35
1464058783, 0, 234, 2619, 2594, 212, 11.07%, 0, 25, 2, 1265.62
1464059149, 0, 234, 2620, 2594, 211, 11.07%, 0, 25, 2, 9.79
1464059154, 0, 238, 2622, 2596, 211, 11.07%, 0, 25, 2, 959.54
1464059297, 0, 249, 2622, 2595, 210, 11.07%, 0, 25, 2, 41.41
1464059406, 0, 261, 2622, 2594, 209, 11.07%, 0, 25, 2, 128.94
1464059457, 0, 262, 2622, 2593, 208, 11.07%, 0, 25, 2, 156.98
1464059534, 0, 268, 2622, 2592, 207, 11.07%, 0, 25, 2, 1110.62
1464059651, 0, 273, 2623, 2592, 206, 11.07%, 0, 25, 2, 1010.82
1464059933, 0, 276, 2623, 2591, 205, 11.07%, 0, 25, 2, 1737.93
1464059958, 0, 277, 2623, 2590, 204, 11.07%, 0, 25, 2, 111.01
1464060072, 0, 278, 2623, 2589, 203, 11.07%, 0, 25, 2, 164.10
1464060256, 0, 308, 2623, 2588, 202, 11.07%, 0, 25, 2, 1292.12
1464060571, 0, 312, 2626, 2590, 201, 11.07%, 0, 25, 2, 1269.59
1464060864, 0, 320, 2626, 2589, 200, 11.07%, 0, 25, 2, 447.55
1464060982, 0, 334, 2626, 2588, 199, 11.07%, 0, 25, 2, 177.95
1464061176, 0, 349, 2626, 2587, 198, 11.07%, 0, 25, 2, 318.42
1464061212, 0, 360, 2626, 2586, 197, 11.07%, 0, 25, 2, 230.48
1464061376, 0, 367, 2626, 2585, 196, 11.07%, 0, 25, 2, 1684.61
1464061530, 0, 372, 2626, 2584, 195, 11.07%, 0, 25, 2, 200.54
1464061562, 0, 372, 2626, 2584, 195, 11.07%, 0, 27, 2, 1.33
1464061615, 0, 372, 2626, 2584, 195, 11.07%, 0, 31, 2, 1.33
1464061621, 0, 372, 2626, 2584, 195, 11.07%, 0, 36, 2, 1.30
1464061632, 0, 372, 2626, 2584, 195, 11.07%, 0, 41, 2, 1.28
1464061637, 0, 372, 2626, 2584, 195, 11.07%, 0, 45, 2, 1.26
1464061643, 0, 372, 2626, 2584, 195, 11.07%, 0, 46, 2, 1.26
1464061649, 0, 372, 2626, 2584, 195, 11.07%, 0, 49, 2, 1.26
1464061654, 0, 372, 2626, 2584, 195, 11.07%, 0, 50, 2, 1.27
1464061660, 0, 372, 2626, 2584, 195, 11.07%, 0, 55, 2, 1.26
1464061681, 0, 372, 2626, 2584, 195, 11.07%, 0, 59, 2, 1.29
1464061687, 0, 372, 2626, 2584, 195, 11.07%, 0, 64, 2, 1.27
1464061692, 0, 372, 2626, 2584, 195, 11.07%, 0, 66, 2, 1.26
1464061745, 0, 372, 2626, 2584, 195, 11.07%, 0, 72, 2, 1.31
1464061750, 0, 372, 2626, 2584, 195, 11.07%, 0, 75, 2, 1.30
1464061756, 0, 372, 2626, 2584, 195, 11.07%, 0, 77, 2, 1.29
1464061761, 0, 372, 2626, 2584, 195, 11.07%, 0, 79, 2, 1.28
1464061767, 0, 372, 2626, 2584, 195, 11.07%, 0, 85, 2, 1.26
1464061773, 0, 372, 2626, 2584, 195, 11.07%, 0, 89, 2, 1.26
1464061778, 0, 372, 2626, 2584, 195, 11.07%, 0, 92, 2, 1.25
1464061784, 0, 372, 2626, 2584, 195, 11.07%, 0, 97, 2, 1.25
1464061790, 0, 372, 2626, 2584, 195, 11.07%, 0, 101, 2, 1.25
1464061795, 0, 372, 2626, 2584, 195, 11.07%, 0, 105, 2, 1.25
1464061801, 0, 372, 2626, 2584, 195, 11.07%, 0, 109, 2, 1.24
1464061806, 0, 372, 2626, 2584, 195, 11.07%, 0, 114, 2, 1.24
1464061817, 0, 372, 2626, 2584, 195, 11.07%, 0, 118, 2, 1.26
1464061823, 0, 372, 2626, 2584, 195, 11.07%, 0, 123, 2, 1.25
1464061829, 0, 372, 2626, 2584, 195, 11.07%, 0, 126, 2, 1.25
1464061834, 0, 372, 2626, 2584, 195, 11.07%, 0, 132, 2, 1.25
1464061840, 0, 372, 2626, 2584, 195, 11.07%, 0, 136, 2, 1.25
1464061846, 0, 372, 2626, 2584, 195, 11.07%, 0, 139, 2, 1.25
1464061851, 0, 372, 2626, 2584, 195, 11.07%, 0, 142, 2, 1.24
1464061857, 0, 372, 2626, 2584, 195, 11.07%, 0, 146, 2, 1.24
1464061862, 0, 372, 2626, 2584, 195, 11.07%, 0, 150, 2, 1.24
1464061868, 0, 372, 2626, 2584, 195, 11.07%, 0, 153, 2, 1.24
1464061874, 0, 372, 2626, 2584, 195, 11.07%, 0, 156, 2, 1.24
1464061879, 0, 372, 2626, 2584, 195, 11.07%, 0, 158, 2, 1.24
1464061885, 0, 372, 2626, 2584, 195, 11.07%, 0, 160, 2, 1.25
1464061890, 0, 372, 2626, 2584, 195, 11.07%, 0, 161, 2, 1.26
1464061896, 0, 372, 2626, 2584, 195, 11.07%, 0, 165, 2, 1.25
1464061901, 0, 372, 2626, 2584, 195, 11.07%, 0, 166, 2, 1.27
1464061907, 0, 372, 2626, 2584, 195, 11.07%, 0, 168, 2, 1.26
1464061913, 0, 372, 2626, 2584, 195, 11.07%, 0, 173, 2, 1.25
1464061918, 0, 372, 2626, 2584, 195, 11.07%, 0, 176, 2, 1.25
1464061924, 0, 372, 2626, 2584, 195, 11.07%, 0, 179, 2, 1.25
1464061929, 0, 372, 2626, 2584, 195, 11.07%, 0, 180, 2, 1.27
1464061935, 0, 372, 2626, 2584, 195, 11.07%, 0, 181, 2, 1.28
1464061946, 0, 372, 2626, 2584, 195, 11.07%, 0, 184, 2, 1.27
1464061951, 0, 372, 2626, 2584, 195, 11.07%, 0, 190, 2, 1.26
1464061957, 0, 372, 2626, 2584, 195, 11.07%, 0, 193, 2, 1.25
1464061963, 0, 372, 2626, 2584, 195, 11.07%, 0, 198, 2, 1.25
1464061968, 0, 372, 2626, 2584, 195, 11.07%, 0, 202, 2, 1.25
1464061974, 0, 372, 2626, 2584, 195, 11.07%, 0, 207, 2, 1.25
1464062122, 0, 374, 2626, 2583, 194, 11.07%, 0, 207, 2, 1015.87
1464062204, 0, 378, 2626, 2582, 193, 11.07%, 0, 207, 2, 1133.24
1464062495, 0, 387, 2626, 2581, 192, 11.07%, 0, 207, 2, 1678.10
1464062587, 0, 387, 2626, 2581, 192, 11.07%, 0, 208, 2, 24.77
1464062593, 0, 387, 2626, 2581, 192, 11.07%, 0, 212, 2, 1.24
1464062599, 0, 387, 2626, 2581, 192, 11.07%, 0, 213, 2, 1.24
1464062604, 0, 387, 2626, 2581, 192, 11.07%, 0, 215, 2, 1.24
1464062610, 0, 387, 2626, 2581, 192, 11.07%, 0, 216, 2, 1.24
1464062615, 0, 387, 2626, 2581, 192, 11.07%, 0, 217, 2, 1.24
1464062621, 0, 387, 2626, 2581, 192, 11.07%, 0, 219, 2, 1.24
1464062627, 0, 387, 2626, 2581, 192, 11.07%, 0, 220, 2, 1.24
1464062661, 0, 387, 2626, 2581, 192, 11.07%, 0, 224, 2, 1.24
1464062666, 0, 387, 2626, 2581, 192, 11.07%, 0, 225, 2, 1.24
1464062672, 0, 387, 2626, 2581, 192, 11.07%, 0, 226, 2, 1.24
1464062683, 0, 387, 2626, 2581, 192, 11.07%, 0, 227, 2, 1.24
1464062689, 0, 387, 2626, 2581, 192, 11.07%, 0, 228, 2, 1.24
1464062706, 0, 387, 2626, 2581, 192, 11.07%, 0, 229, 2, 1.24
1464062717, 0, 387, 2626, 2581, 192, 11.07%, 0, 231, 2, 1.24
1464062722, 0, 387, 2626, 2581, 192, 11.07%, 0, 233, 2, 1.24
1464062728, 0, 387, 2626, 2581, 192, 11.07%, 0, 235, 2, 1.24
1464062734, 0, 387, 2626, 2581, 192, 11.07%, 0, 236, 2, 1.24
1464062739, 0, 387, 2626, 2581, 192, 11.07%, 0, 238, 2, 1.24
1464062745, 0, 387, 2626, 2581, 192, 11.07%, 0, 240, 2, 1.24
1464062768, 0, 387, 2626, 2581, 192, 11.07%, 0, 241, 2, 1.24
1464062773, 0, 387, 2626, 2581, 192, 11.07%, 0, 242, 2, 1.24
1464062789, 0, 389, 2626, 2580, 191, 11.07%, 0, 242, 2, 3315.00
1464063275, 0, 394, 2628, 2581, 191, 11.07%, 0, 242, 2, 44.85
1464063301, 0, 451, 2628, 2580, 190, 11.07%, 0, 242, 2, 414.73
1464063476, 0, 457, 2628, 2579, 189, 11.07%, 0, 242, 2, 666.40
1464063681, 0, 464, 2628, 2578, 188, 11.07%, 0, 242, 2, 560.27
1464063875, 0, 473, 2628, 2577, 187, 11.07%, 0, 242, 2, 1736.12
1464063983, 0, 478, 2628, 2576, 186, 11.07%, 0, 242, 2, 1332.99
1464064101, 0, 485, 2628, 2575, 185, 11.07%, 0, 242, 2, 1629.60
1464064682, 0, 492, 2628, 2574, 184, 11.07%, 0, 242, 2, 648.44
1464065063, 0, 492, 2628, 2574, 184, 11.07%, 1, 242, 2, 1.66
1464065226, 0, 497, 2628, 2573, 183, 11.07%, 1, 242, 2, 3150.25
1464065374, 0, 507, 2628, 2572, 182, 11.07%, 1, 242, 2, 100.30
1464065430, 0, 523, 2629, 2572, 181, 11.07%, 1, 242, 2, 1763.46
1464065564, 0, 530, 2629, 2571, 180, 11.07%, 1, 242, 2, 2573.46
1464065696, 0, 544, 2629, 2570, 179, 11.07%, 1, 242, 2, 140.62
1464065749, 0, 562, 2629, 2569, 178, 11.07%, 1, 242, 2, 94.60
1464066162, 0, 615, 2629, 2568, 177, 11.07%, 1, 242, 2, 858.04
1464066265, 0, 620, 2629, 2567, 176, 11.07%, 1, 242, 2, 265.33
1464066470, 0, 628, 2629, 2566, 175, 11.07%, 1, 242, 2, 378.91
1464066505, 0, 629, 2629, 2565, 174, 11.07%, 1, 242, 2, 59.74
1464066526, 0, 632, 2629, 2564, 173, 11.07%, 1, 242, 2, 12.93
1464066551, 0, 668, 2629, 2563, 173, 11.07%, 1, 242, 2, 2252.93
1464066877, 0, 671, 2629, 2562, 172, 11.07%, 1, 242, 2, 20.74
1464066959, 0, 677, 2629, 2561, 171, 11.07%, 1, 242, 2, 515.12
1464067468, 0, 681, 2629, 2560, 170, 11.07%, 1, 242, 2, 1346.35
1464067674, 0, 694, 2629, 2559, 169, 11.07%, 1, 242, 2, 883.26
1464067916, 0, 701, 2629, 2558, 168, 11.07%, 1, 242, 2, 797.29
1464068472, 0, 706, 2629, 2557, 167, 11.07%, 1, 242, 2, 463.74
1464068636, 0, 713, 2629, 2556, 166, 11.07%, 1, 242, 2, 1418.19
1464069073, 0, 729, 2629, 2555, 165, 11.07%, 1, 242, 2, 26.47
1464069114, 0, 731, 2629, 2554, 164, 11.07%, 1, 242, 2, 237.87
1464069356, 0, 732, 2629, 2553, 163, 11.07%, 1, 242, 2, 2346.67
1464069504, 0, 736, 2629, 2552, 162, 11.07%, 1, 242, 2, 197.73
1464069616, 0, 744, 2629, 2551, 161, 11.07%, 1, 242, 2, 3392.15
1464069744, 0, 750, 2629, 2550, 160, 11.07%, 1, 242, 2, 203.91
1464069996, 0, 755, 2629, 2549, 159, 11.07%, 1, 242, 2, 458.84
1464070058, 0, 755, 2630, 2550, 159, 11.07%, 1, 242, 2, 86.65
1464070099, 0, 769, 2630, 2549, 159, 11.07%, 1, 242, 2, 2304.80
1464070258, 0, 780, 2631, 2549, 158, 11.07%, 1, 242, 2, 249.40
1464070385, 0, 787, 2631, 2548, 157, 11.07%, 1, 242, 2, 3352.00
1464070729, 0, 791, 2631, 2547, 157, 11.07%, 1, 242, 2, 258.93
1464070816, 0, 801, 2631, 2546, 156, 11.07%, 1, 242, 2, 110.08
1464070898, 0, 805, 2631, 2545, 155, 11.07%, 1, 242, 2, 169.36
1464071077, 0, 807, 2632, 2545, 154, 11.07%, 1, 242, 2, 484.09
1464071184, 0, 829, 2632, 2544, 153, 11.07%, 1, 242, 2, 1859.96
1464071256, 0, 832, 2632, 2543, 152, 11.07%, 1, 242, 2, 66.25
1464071395, 0, 835, 2632, 2542, 151, 11.07%, 1, 242, 2, 3344.38
1464071428, 0, 851, 2632, 2541, 150, 11.07%, 3, 242, 2, 18.50
1464071607, 0, 856, 2632, 2540, 149, 11.07%, 3, 242, 2, 159.10
1464071725, 0, 865, 2632, 2539, 149, 11.07%, 3, 242, 2, 1026.99
1464072032, 0, 889, 2632, 2538, 148, 11.07%, 3, 242, 2, 247.20
1464072083, 0, 894, 2632, 2537, 147, 11.07%, 3, 242, 2, 877.52
1464072280, 0, 896, 2632, 2536, 146, 11.07%, 3, 242, 2, 90.41
1464072367, 0, 896, 2632, 2536, 146, 11.07%, 3, 244, 2, 18.60
1464072387, 0, 907, 2632, 2535, 146, 11.07%, 3, 244, 2, 8.54
1464072529, 0, 930, 2632, 2534, 145, 11.07%, 3, 244, 2, 1452.56
1464072709, 0, 937, 2632, 2533, 144, 11.07%, 3, 244, 2, 1608.65
1464072752, 0, 956, 2632, 2532, 143, 11.07%, 3, 244, 2, 268.49
1464072834, 0, 961, 2632, 2531, 142, 11.07%, 3, 244, 2, 318.25
1464072977, 0, 985, 2632, 2530, 141, 11.07%, 3, 244, 2, 336.25
1464073272, 0, 1008, 2632, 2529, 141, 11.07%, 3, 244, 2, 374.20
1464073313, 0, 1017, 2632, 2528, 140, 11.07%, 3, 244, 2, 1021.39
1464073870, 0, 1019, 2632, 2527, 139, 11.07%, 3, 244, 2, 1400.91
1464073951, 0, 1025, 2632, 2526, 138, 11.07%, 3, 244, 2, 636.01
1464074296, 0, 1028, 2633, 2526, 137, 11.07%, 3, 244, 2, 363.26
1464074541, 0, 1043, 2633, 2525, 136, 11.07%, 3, 244, 2, 864.48
1464074546, 0, 1043, 2633, 2525, 136, 11.07%, 4, 244, 2, 679.16
1464074699, 0, 1043, 2633, 2525, 136, 11.07%, 5, 244, 2, 8.56
1464074832, 0, 1045, 2633, 2524, 135, 11.07%, 5, 244, 2, 959.27
1464074883, 0, 1055, 2633, 2523, 134, 11.07%, 5, 244, 2, 121.32
1464074935, 0, 1064, 2633, 2522, 133, 11.07%, 5, 244, 2, 1438.34
1464075325, 0, 1069, 2633, 2521, 132, 11.07%, 5, 244, 2, 143.30
1464075350, 0, 1074, 2633, 2520, 131, 11.07%, 5, 244, 2, 618.69
1464075571, 0, 1082, 2633, 2519, 130, 11.07%, 5, 244, 2, 2451.69
1464075808, 0, 1083, 2633, 2518, 129, 11.07%, 5, 244, 2, 1531.69
1464075998, 0, 1107, 2633, 2517, 128, 11.07%, 5, 244, 2, 848.24
1464076197, 0, 1109, 2633, 2516, 128, 11.07%, 5, 244, 2, 209.11
1464076315, 0, 1112, 2633, 2515, 127, 11.07%, 5, 244, 2, 1405.91
1464077073, 0, 1117, 2633, 2514, 126, 11.07%, 5, 244, 2, 1568.71
1464077104, 0, 1120, 2633, 2513, 125, 11.07%, 5, 244, 2, 99.66
1464077385, 0, 1130, 2633, 2512, 124, 11.07%, 5, 244, 2, 129.83
1464077544, 0, 1134, 2633, 2511, 123, 11.07%, 5, 244, 2, 529.72
1464077738, 0, 1156, 2633, 2510, 123, 11.07%, 5, 244, 2, 1456.83
1464077886, 0, 1160, 2633, 2509, 122, 11.07%, 5, 244, 2, 63.20
1464078101, 0, 1168, 2633, 2508, 121, 11.07%, 5, 244, 2, 640.75
1464078264, 0, 1197, 2633, 2507, 120, 11.07%, 5, 244, 2, 662.88
1464078345, 0, 1202, 2633, 2506, 119, 11.07%, 5, 244, 2, 232.59
1464078545, 0, 1212, 2633, 2505, 118, 11.07%, 5, 244, 2, 262.99
1464078597, 0, 1214, 2633, 2504, 117, 11.07%, 5, 244, 2, 1504.17
1464078617, 0, 1221, 2633, 2503, 116, 11.07%, 5, 244, 2, 33.78
1464078758, 0, 1224, 2633, 2502, 115, 11.07%, 5, 244, 2, 1.60
1464078905, 0, 1231, 2633, 2501, 114, 11.07%, 5, 244, 2, 5.10
1464079054, 0, 1240, 2633, 2500, 113, 11.07%, 5, 244, 2, 623.09
1464079122, 0, 1240, 2633, 2500, 113, 11.07%, 5, 246, 2, 1.30
1464079128, 0, 1240, 2633, 2500, 113, 11.07%, 5, 247, 2, 1.28
1464079139, 0, 1240, 2633, 2500, 113, 11.07%, 5, 248, 2, 1.26
1464079145, 0, 1240, 2633, 2500, 113, 11.07%, 5, 249, 2, 1.27
1464079776, 0, 1250, 2633, 2499, 112, 11.07%, 5, 249, 2, 495.63
1464079870, 0, 1254, 2633, 2498, 111, 11.07%, 5, 249, 2, 9.44
1464079937, 0, 1259, 2633, 2497, 110, 11.07%, 5, 249, 2, 37.18
1464079957, 0, 1271, 2633, 2496, 109, 11.07%, 5, 249, 2, 196.82
1464080070, 0, 1274, 2633, 2495, 108, 11.07%, 5, 249, 2, 931.05
1464080213, 0, 1283, 2633, 2494, 107, 11.07%, 5, 249, 2, 87.79
1464080295, 0, 1289, 2633, 2493, 107, 11.07%, 5, 249, 2, 177.21
1464080326, 0, 1293, 2633, 2492, 106, 11.07%, 5, 249, 2, 312.31
1464080453, 0, 1306, 2633, 2491, 105, 11.07%, 5, 249, 2, 1346.39
1464080684, 0, 1326, 2633, 2490, 104, 11.07%, 5, 249, 2, 758.96
1464081022, 0, 1330, 2633, 2489, 103, 11.07%, 5, 249, 2, 59.39
1464081063, 0, 1352, 2633, 2488, 102, 11.07%, 5, 249, 2, 56.17
1464081109, 0, 1375, 2633, 2487, 101, 11.07%, 5, 249, 2, 285.09
1464081165, 0, 1375, 2634, 2488, 101, 11.07%, 5, 249, 2, 110.03
1464081216, 0, 1376, 2634, 2487, 100, 11.07%, 5, 249, 2, 275.79
1464081237, 0, 1381, 2634, 2486, 100, 11.07%, 5, 249, 2, 189.54
1464081452, 0, 1386, 2634, 2485, 99, 11.07%, 5, 249, 2, 504.38
1464081493, 0, 1400, 2634, 2484, 98, 11.07%, 5, 249, 2, 244.56
1464081616, 0, 1417, 2634, 2483, 97, 11.07%, 5, 249, 2, 356.69
1464081748, 0, 1435, 2634, 2482, 96, 11.07%, 5, 249, 2, 1621.98
1464081783, 0, 1440, 2634, 2481, 95, 11.07%, 5, 249, 2, 39.25
1464082072, 0, 1452, 2634, 2480, 94, 11.07%, 5, 249, 2, 183.68
1464082349, 0, 1462, 2634, 2479, 93, 11.07%, 5, 249, 2, 735.56
1464082457, 0, 1464, 2634, 2478, 92, 11.07%, 5, 249, 2, 156.46
1464082594, 0, 1471, 2634, 2477, 91, 11.07%, 5, 249, 2, 372.14
1464082686, 0, 1471, 2634, 2477, 91, 11.07%, 6, 249, 2, 149.59
1464083180, 0, 1484, 2634, 2476, 90, 11.07%, 6, 249, 2, 47.28
1464083231, 0, 1510, 2634, 2475, 90, 11.07%, 6, 249, 2, 513.74
1464083730, 0, 1513, 2634, 2474, 89, 11.07%, 6, 249, 2, 297.37
1464083945, 0, 1522, 2634, 2473, 88, 11.07%, 6, 249, 2, 1027.13
1464084130, 0, 1525, 2634, 2472, 87, 11.07%, 6, 249, 2, 775.52
1464084488, 0, 1527, 2634, 2471, 86, 11.07%, 6, 249, 2, 369.25
1464084811, 0, 1593, 2634, 2470, 85, 11.07%, 6, 249, 2, 261.38
1464085056, 0, 1608, 2634, 2469, 84, 11.07%, 6, 249, 2, 101.55
1464085281, 0, 1620, 2634, 2468, 83, 11.07%, 6, 249, 2, 67.88
1464085291, 0, 1636, 2634, 2467, 82, 11.07%, 6, 249, 2, 64.38
1464085480, 0, 1639, 2634, 2466, 81, 11.07%, 6, 249, 2, 61.16
1464085574, 0, 1639, 2634, 2466, 81, 11.07%, 6, 250, 2, 1.31
1464085580, 0, 1639, 2634, 2466, 81, 11.07%, 6, 251, 2, 1.29
1464085585, 0, 1639, 2634, 2466, 81, 11.07%, 6, 253, 2, 1.27
1464085596, 0, 1639, 2634, 2466, 81, 11.07%, 6, 254, 2, 1.26
1464085602, 0, 1639, 2634, 2466, 81, 11.07%, 6, 257, 2, 1.25
1464085608, 0, 1639, 2634, 2466, 81, 11.07%, 6, 259, 2, 1.25
1464085613, 0, 1639, 2634, 2466, 81, 11.07%, 6, 261, 2, 1.25
1464085619, 0, 1639, 2634, 2466, 81, 11.07%, 6, 263, 2, 1.25
1464085625, 0, 1639, 2634, 2466, 81, 11.07%, 6, 266, 2, 1.24
1464085630, 0, 1639, 2634, 2466, 81, 11.07%, 6, 267, 2, 1.24
1464085636, 0, 1639, 2634, 2466, 81, 11.07%, 6, 270, 2, 1.24
1464085668, 0, 1639, 2634, 2466, 81, 11.07%, 6, 272, 2, 1.30
1464085792, 0, 1639, 2634, 2466, 81, 11.07%, 6, 275, 2, 1.28
1464085890, 0, 1648, 2634, 2465, 80, 11.07%, 6, 275, 2, 1532.05
1464086013, 0, 1664, 2634, 2464, 79, 11.07%, 6, 275, 2, 469.87
1464086115, 0, 1684, 2634, 2463, 78, 11.07%, 6, 275, 2, 247.84
1464086433, 0, 1685, 2634, 2462, 77, 11.07%, 6, 275, 2, 143.75
1464086614, 0, 1687, 2634, 2461, 76, 11.07%, 6, 275, 2, 383.97
1464087132, 0, 1691, 2634, 2460, 75, 11.07%, 6, 275, 2, 1396.07
1464087244, 0, 1699, 2634, 2459, 74, 11.07%, 6, 275, 2, 261.52
1464087265, 0, 1712, 2634, 2458, 73, 11.07%, 6, 275, 2, 258.31
1464087393, 0, 1715, 2634, 2457, 73, 11.07%, 6, 275, 2, 555.20
1464087675, 0, 1735, 2634, 2455, 71, 11.07%, 6, 275, 2, 126.93
1464087741, 0, 1765, 2634, 2454, 70, 11.07%, 6, 275, 2, 41.44
1464087849, 0, 1792, 2634, 2453, 70, 11.07%, 6, 275, 2, 115.08
1464088003, 0, 1814, 2634, 2452, 70, 11.07%, 6, 275, 2, 114.76
1464088222, 0, 1816, 2634, 2451, 69, 11.07%, 6, 275, 2, 1660.61
1464088432, 0, 1830, 2634, 2450, 68, 11.07%, 6, 275, 2, 1377.97
1464088514, 0, 1834, 2634, 2449, 67, 11.07%, 6, 275, 2, 219.23
1464088815, 0, 1839, 2634, 2448, 66, 11.07%, 6, 275, 2, 868.43
1464088907, 0, 1844, 2634, 2447, 65, 11.07%, 6, 275, 2, 4.48
1464089509, 0, 1847, 2634, 2446, 65, 11.07%, 6, 275, 2, 160.85
1464089733, 0, 1861, 2634, 2445, 64, 11.07%, 6, 275, 2, 277.40
1464090037, 0, 1872, 2634, 2444, 64, 11.07%, 6, 275, 2, 1544.31
1464090380, 0, 1873, 2634, 2443, 63, 11.07%, 6, 275, 2, 180.43
1464090685, 0, 1880, 2634, 2442, 62, 11.07%, 6, 275, 2, 132.50
1464090826, 0, 1891, 2634, 2441, 61, 11.07%, 6, 275, 2, 153.50
1464091179, 0, 1895, 2634, 2440, 60, 11.07%, 6, 275, 2, 435.76
1464091492, 0, 1897, 2634, 2439, 59, 11.07%, 6, 275, 2, 57.24
1464091802, 0, 1911, 2634, 2438, 58, 11.07%, 6, 275, 2, 105.10
1464092192, 0, 1911, 2635, 2438, 57, 11.07%, 6, 275, 2, 3.78
1464092197, 0, 1927, 2635, 2438, 57, 11.07%, 6, 275, 2, 112.01
1464092320, 0, 1966, 2635, 2437, 56, 11.07%, 6, 275, 2, 7.19
1464092599, 0, 1969, 2635, 2436, 56, 11.07%, 6, 275, 2, 374.85
1464092604, 0, 1969, 2636, 2437, 56, 11.07%, 6, 275, 2, 343.49
1464092960, 0, 1977, 2636, 2436, 55, 11.07%, 6, 275, 2, 43.84
1464093093, 0, 1979, 2636, 2435, 54, 11.07%, 6, 275, 2, 257.84
1464093180, 0, 1986, 2636, 2434, 53, 11.07%, 6, 275, 2, 250.76
1464093313, 0, 1990, 2636, 2433, 52, 11.07%, 6, 275, 2, 1077.60
1464093517, 0, 1994, 2636, 2432, 51, 11.07%, 6, 275, 2, 908.43
1464093910, 0, 2011, 2636, 2431, 50, 11.07%, 6, 275, 2, 129.19
1464094110, 0, 2016, 2636, 2430, 49, 11.07%, 6, 275, 2, 211.95
1464094233, 0, 2023, 2636, 2429, 48, 11.07%, 6, 275, 2, 97.10
1464094478, 0, 2027, 2636, 2428, 47, 11.07%, 6, 275, 2, 171.47
1464094805, 0, 2028, 2636, 2427, 46, 11.07%, 6, 275, 2, 188.98
1464095051, 0, 2038, 2636, 2426, 46, 11.07%, 6, 275, 2, 344.38
1464095370, 0, 2041, 2636, 2425, 45, 11.07%, 6, 275, 2, 381.34
1464095380, 0, 2041, 2636, 2425, 45, 11.07%, 7, 275, 2, 296.89
1464095395, 0, 2041, 2636, 2425, 45, 11.07%, 8, 275, 2, 384.17
1464095621, 0, 2052, 2637, 2425, 44, 11.07%, 8, 275, 2, 293.09
1464095995, 0, 2058, 2637, 2424, 43, 11.07%, 8, 275, 2, 766.30
1464096051, 0, 2071, 2637, 2423, 42, 11.07%, 8, 275, 2, 436.78
1464096154, 0, 2079, 2637, 2422, 41, 11.07%, 8, 275, 2, 7.73
1464096425, 0, 2084, 2637, 2421, 41, 11.07%, 8, 275, 2, 104.72
1464096727, 0, 2118, 2637, 2420, 40, 11.07%, 8, 275, 2, 232.67
1464096957, 0, 2136, 2637, 2419, 39, 11.07%, 8, 275, 2, 466.51
1464097055, 0, 2157, 2637, 2418, 38, 11.07%, 8, 275, 2, 23.27
1464097346, 0, 2175, 2637, 2417, 37, 11.07%, 8, 275, 2, 799.89
1464097593, 0, 2188, 2637, 2416, 36, 11.07%, 8, 275, 2, 16.05
1464097928, 0, 2198, 2638, 2416, 36, 11.07%, 8, 275, 2, 197.39
1464098938, 0, 2216, 2638, 2415, 35, 11.07%, 8, 275, 2, 791.49
