# unix_time, cycles_done, cur_path, paths_total, pending_total, pending_favs, map_size, unique_crashes, unique_hangs, max_depth, execs_per_sec
1464052735, 0, 693, 1799, 1799, 238, 11.05%, 0, 0, 1, 104.89
1464052740, 0, 702, 1804, 1804, 238, 11.05%, 0, 0, 2, 3473.54
1464052765, 0, 702, 1805, 1805, 238, 11.05%, 0, 0, 2, 3573.58
1464052770, 0, 702, 1807, 1807, 238, 11.05%, 0, 0, 2, 163.55
1464052776, 0, 702, 1811, 1811, 238, 11.06%, 0, 0, 2, 166.51
1464052781, 0, 702, 1813, 1813, 238, 11.06%, 0, 0, 2, 181.39
1464052786, 0, 702, 1815, 1815, 238, 11.06%, 0, 0, 2, 172.35
1464052796, 0, 702, 1816, 1816, 238, 11.06%, 0, 0, 2, 162.73
1464052801, 0, 702, 1819, 1819, 238, 11.06%, 0, 0, 2, 192.42
1464052806, 0, 702, 1820, 1820, 238, 11.06%, 0, 0, 2, 184.95
1464052811, 0, 702, 1821, 1821, 238, 11.06%, 0, 0, 2, 171.75
1464052827, 0, 702, 1824, 1824, 238, 11.06%, 0, 0, 2, 177.71
1464052832, 0, 702, 1825, 1825, 238, 11.06%, 0, 0, 2, 168.55
1464052847, 0, 702, 1836, 1836, 238, 11.06%, 0, 0, 2, 98.77
1464052852, 0, 702, 1846, 1846, 238, 11.06%, 0, 0, 2, 94.50
1464052857, 0, 702, 1852, 1852, 238, 11.06%, 0, 0, 2, 98.20
1464052863, 0, 702, 1854, 1854, 238, 11.06%, 0, 0, 2, 101.96
1464052868, 0, 702, 1857, 1857, 238, 11.06%, 0, 0, 2, 98.85
1464052878, 0, 702, 1858, 1858, 238, 11.06%, 0, 0, 2, 91.24
1464052883, 0, 702, 1861, 1861, 238, 11.06%, 0, 0, 2, 92.40
1464052888, 0, 702, 1862, 1862, 238, 11.06%, 0, 0, 2, 100.42
1464052904, 0, 702, 1863, 1863, 238, 11.06%, 0, 0, 2, 100.66
1464052909, 0, 702, 1864, 1864, 238, 11.06%, 0, 0, 2, 96.69
1464052914, 0, 702, 1865, 1865, 238, 11.06%, 0, 0, 2, 98.37
1464052919, 0, 702, 1866, 1866, 238, 11.06%, 0, 0, 2, 104.84
1464052924, 0, 702, 1867, 1867, 238, 11.06%, 0, 0, 2, 104.16
1464052935, 0, 702, 1868, 1868, 238, 11.06%, 0, 0, 2, 107.95
1464052945, 0, 702, 1869, 1869, 238, 11.06%, 0, 0, 2, 107.11
1464052950, 0, 702, 1870, 1870, 238, 11.06%, 0, 0, 2, 108.26
1464052960, 0, 702, 1871, 1871, 238, 11.06%, 0, 0, 2, 113.10
1464052970, 0, 702, 1874, 1874, 238, 11.06%, 0, 0, 2, 223.50
1464052975, 0, 702, 1880, 1880, 238, 11.06%, 0, 0, 2, 210.13
1464052980, 0, 702, 1884, 1884, 238, 11.06%, 0, 0, 2, 193.95
1464052985, 0, 702, 1885, 1885, 238, 11.06%, 0, 0, 2, 213.20
1464052996, 0, 702, 1889, 1889, 238, 11.06%, 0, 0, 2, 234.42
1464053001, 0, 702, 1893, 1893, 238, 11.06%, 0, 0, 2, 225.75
1464053006, 0, 702, 1894, 1894, 238, 11.06%, 0, 0, 2, 198.51
1464053011, 0, 702, 1895, 1895, 238, 11.06%, 0, 0, 2, 205.90
1464053021, 0, 702, 1896, 1896, 238, 11.06%, 0, 0, 2, 206.28
1464053026, 0, 702, 1898, 1898, 238, 11.06%, 0, 0, 2, 2199.37
1464053031, 0, 702, 1904, 1904, 238, 11.06%, 0, 0, 2, 1262.02
1464053036, 0, 702, 1908, 1908, 238, 11.06%, 0, 0, 2, 1065.40
1464053041, 0, 702, 1910, 1910, 238, 11.06%, 0, 0, 2, 80.24
1464053046, 0, 702, 1912, 1912, 238, 11.06%, 0, 0, 2, 77.36
1464053051, 0, 702, 1913, 1913, 238, 11.06%, 0, 0, 2, 85.56
1464053072, 0, 702, 1914, 1914, 238, 11.06%, 0, 0, 2, 92.89
1464053077, 0, 702, 1915, 1915, 238, 11.06%, 0, 0, 2, 101.34
1464053092, 0, 702, 1916, 1916, 238, 11.06%, 0, 0, 2, 80.30
1464053102, 0, 702, 1917, 1917, 238, 11.06%, 0, 0, 2, 73.42
1464053128, 0, 702, 1918, 1918, 238, 11.06%, 0, 0, 2, 78.49
1464053159, 0, 702, 1919, 1919, 238, 11.06%, 0, 0, 2, 96.84
1464053174, 0, 702, 1921, 1921, 238, 11.06%, 0, 0, 2, 49.54
1464053184, 0, 702, 1922, 1922, 238, 11.06%, 0, 0, 2, 28.50
1464053189, 0, 702, 1925, 1925, 238, 11.06%, 0, 0, 2, 27.88
1464053194, 0, 702, 1926, 1926, 238, 11.06%, 0, 0, 2, 27.15
1464053199, 0, 702, 1927, 1927, 238, 11.06%, 0, 0, 2, 27.59
1464053261, 0, 702, 1928, 1928, 238, 11.06%, 0, 0, 2, 23.47
1464053276, 0, 702, 1929, 1929, 238, 11.06%, 0, 0, 2, 26.27
1464053312, 0, 702, 1931, 1931, 238, 11.06%, 0, 0, 2, 26.93
1464053343, 0, 702, 1932, 1932, 238, 11.06%, 0, 0, 2, 27.14
1464053353, 0, 702, 1933, 1933, 238, 11.06%, 0, 0, 2, 26.58
1464053358, 0, 702, 1934, 1934, 238, 11.06%, 0, 0, 2, 28.67
1464053517, 0, 702, 1935, 1935, 238, 11.06%, 0, 0, 2, 28.84
1464053548, 0, 702, 1936, 1936, 238, 11.06%, 0, 0, 2, 27.62
1464053609, 0, 702, 1937, 1937, 238, 11.06%, 0, 0, 2, 27.56
1464053614, 0, 702, 1946, 1945, 237, 11.06%, 0, 0, 2, 5.25
1464053619, 0, 702, 1961, 1960, 237, 11.06%, 0, 0, 2, 32.88
1464053624, 0, 702, 1986, 1985, 237, 11.06%, 0, 0, 2, 92.49
1464053630, 0, 702, 2011, 2010, 237, 11.06%, 0, 0, 2, 28.91
1464053635, 0, 702, 2027, 2026, 237, 11.06%, 0, 0, 2, 56.86
1464053640, 0, 702, 2043, 2042, 237, 11.06%, 0, 0, 2, 59.41
1464053645, 0, 702, 2059, 2058, 237, 11.06%, 0, 1, 2, 26.48
1464053650, 0, 702, 2081, 2080, 237, 11.06%, 0, 1, 2, 33.82
1464053655, 0, 702, 2097, 2096, 237, 11.06%, 0, 1, 2, 21.03
1464053660, 0, 702, 2115, 2114, 237, 11.06%, 0, 1, 2, 79.60
1464053665, 0, 702, 2129, 2128, 237, 11.06%, 0, 2, 2, 31.65
1464053671, 0, 702, 2152, 2151, 237, 11.06%, 0, 2, 2, 3.16
1464053676, 0, 702, 2166, 2165, 237, 11.06%, 0, 2, 2, 3.46
1464053681, 0, 702, 2182, 2181, 237, 11.07%, 0, 3, 2, 9.05
1464053686, 0, 702, 2204, 2203, 237, 11.07%, 0, 4, 2, 6.99
1464053691, 0, 702, 2221, 2220, 237, 11.07%, 0, 4, 2, 73.17
1464053696, 0, 702, 2242, 2241, 237, 11.07%, 0, 6, 2, 66.11
1464053701, 0, 702, 2262, 2261, 237, 11.07%, 0, 6, 2, 15.99
1464053707, 0, 702, 2280, 2279, 237, 11.07%, 0, 6, 2, 19.36
1464053712, 0, 702, 2305, 2304, 237, 11.07%, 0, 6, 2, 28.48
1464053717, 0, 702, 2322, 2321, 237, 11.07%, 0, 7, 2, 30.04
1464053722, 0, 702, 2337, 2336, 237, 11.07%, 0, 7, 2, 3.18
1464053727, 0, 702, 2355, 2354, 237, 11.07%, 0, 7, 2, 41.51
1464053732, 0, 702, 2375, 2374, 237, 11.07%, 0, 7, 2, 9.70
1464053737, 0, 702, 2395, 2394, 237, 11.07%, 0, 7, 2, 6.67
1464053742, 0, 702, 2421, 2420, 237, 11.07%, 0, 8, 2, 73.24
1464053747, 0, 702, 2442, 2441, 237, 11.07%, 0, 8, 2, 2.92
1464053753, 0, 702, 2457, 2456, 237, 11.07%, 0, 8, 2, 16.51
1464053758, 0, 702, 2479, 2478, 237, 11.07%, 0, 8, 2, 35.86
1464053763, 0, 702, 2496, 2495, 237, 11.07%, 0, 9, 2, 7.91
1464053768, 0, 702, 2514, 2513, 237, 11.07%, 0, 9, 2, 60.05
1464053773, 0, 702, 2531, 2530, 237, 11.07%, 0, 10, 2, 2.12
1464053779, 0, 702, 2547, 2546, 237, 11.07%, 0, 10, 2, 77.64
1464053784, 0, 702, 2549, 2548, 237, 11.07%, 0, 12, 2, 20.67
1464053794, 0, 702, 2554, 2553, 237, 11.07%, 0, 12, 2, 2.41
1464053799, 0, 702, 2558, 2557, 237, 11.07%, 0, 12, 2, 39.37
1464053804, 0, 702, 2561, 2560, 237, 11.07%, 0, 12, 2, 10.16
1464053810, 0, 702, 2565, 2564, 237, 11.07%, 0, 13, 2, 13.31
1464053815, 0, 702, 2567, 2566, 237, 11.07%, 0, 13, 2, 63.15
1464053820, 0, 702, 2567, 2566, 237, 11.07%, 0, 14, 2, 56.62
1464053825, 0, 702, 2570, 2569, 237, 11.07%, 0, 15, 2, 55.94
1464053830, 0, 702, 2576, 2575, 237, 11.07%, 0, 15, 2, 67.80
1464053835, 0, 702, 2579, 2578, 237, 11.07%, 0, 16, 2, 39.38
1464053840, 0, 702, 2581, 2580, 237, 11.07%, 0, 18, 2, 55.00
1464053845, 0, 702, 2582, 2581, 237, 11.07%, 0, 20, 2, 7.37
1464053850, 0, 702, 2584, 2583, 237, 11.07%, 0, 20, 2, 52.99
1464053856, 0, 702, 2584, 2583, 237, 11.07%, 0, 22, 2, 52.47
1464053861, 0, 702, 2585, 2584, 237, 11.07%, 0, 22, 2, 78.06
1464053866, 0, 702, 2586, 2585, 237, 11.07%, 0, 23, 2, 65.14
1464053881, 0, 702, 2587, 2586, 237, 11.07%, 0, 23, 2, 55.82
1464053886, 0, 702, 2589, 2588, 237, 11.07%, 0, 24, 2, 30.67
1464053907, 0, 702, 2590, 2589, 237, 11.07%, 0, 24, 2, 61.57
1464053912, 0, 702, 2592, 2591, 237, 11.07%, 0, 24, 2, 63.11
1464053917, 0, 702, 2593, 2592, 237, 11.07%, 0, 25, 2, 12.39
1464053922, 0, 702, 2593, 2592, 237, 11.07%, 0, 27, 2, 5.91
1464053927, 0, 702, 2593, 2592, 237, 11.07%, 0, 28, 2, 63.69
1464053932, 0, 702, 2593, 2592, 237, 11.07%, 0, 29, 2, 59.10
1464053938, 0, 702, 2593, 2592, 237, 11.07%, 0, 30, 2, 31.10
1464053943, 0, 702, 2593, 2592, 237, 11.07%, 0, 31, 2, 7.72
1464053948, 0, 702, 2594, 2593, 237, 11.07%, 0, 33, 2, 4.03
1464053963, 0, 702, 2594, 2593, 237, 11.07%, 0, 34, 2, 43.57
1464053974, 0, 702, 2594, 2593, 237, 11.07%, 0, 35, 2, 45.17
1464053979, 0, 702, 2594, 2593, 237, 11.07%, 0, 36, 2, 53.21
1464053994, 0, 702, 2594, 2593, 237, 11.07%, 0, 37, 2, 67.54
1464053999, 0, 702, 2594, 2593, 237, 11.07%, 0, 38, 2, 132.35
1464054004, 0, 702, 2594, 2593, 237, 11.07%, 0, 39, 2, 80.39
1464054009, 0, 702, 2594, 2593, 237, 11.07%, 0, 41, 2, 54.17
1464054014, 0, 702, 2594, 2593, 237, 11.07%, 0, 42, 2, 16.52
1464054035, 0, 702, 2594, 2593, 237, 11.07%, 0, 43, 2, 60.39
1464054050, 0, 702, 2594, 2593, 237, 11.07%, 0, 44, 2, 66.32
1464054056, 0, 702, 2595, 2594, 237, 11.07%, 0, 44, 2, 77.07
1464054061, 0, 702, 2596, 2595, 237, 11.07%, 0, 46, 2, 2.06
1464054066, 0, 702, 2596, 2595, 237, 11.07%, 0, 47, 2, 49.36
1464054071, 0, 702, 2596, 2595, 237, 11.07%, 0, 49, 2, 65.68
1464054076, 0, 702, 2596, 2595, 237, 11.07%, 0, 50, 2, 105.84
1464054081, 0, 702, 2598, 2597, 237, 11.07%, 0, 50, 2, 90.58
1464054092, 0, 702, 2598, 2597, 237, 11.07%, 0, 51, 2, 31.39
1464054102, 0, 702, 2599, 2598, 237, 11.07%, 0, 51, 2, 77.42
1464054107, 0, 715, 2599, 2598, 246, 11.07%, 0, 51, 2, 1229.51
1464054492, 0, 720, 2599, 2597, 245, 11.07%, 0, 51, 2, 503.70
1464054569, 0, 720, 2600, 2598, 245, 11.07%, 0, 51, 2, 16.25
1464054922, 0, 727, 2600, 2597, 244, 11.07%, 0, 51, 2, 632.13
1464055137, 0, 727, 2602, 2599, 244, 11.07%, 0, 51, 2, 147.36
1464055152, 0, 727, 2604, 2601, 244, 11.07%, 0, 51, 2, 157.77
1464055259, 0, 745, 2604, 2600, 244, 11.07%, 0, 51, 2, 268.29
1464055285, 0, 748, 2604, 2599, 243, 11.07%, 0, 51, 2, 1720.60
1464055776, 0, 748, 2607, 2601, 242, 11.07%, 0, 51, 2, 14.24
1464055781, 0, 748, 2610, 2604, 242, 11.07%, 0, 51, 2, 12.29
1464055786, 0, 749, 2610, 2604, 242, 11.07%, 0, 51, 2, 2209.99
1464056527, 0, 753, 2610, 2603, 241, 11.07%, 0, 51, 2, 577.37
1464056836, 0, 761, 2610, 2602, 240, 11.07%, 0, 51, 2, 492.46
1464057040, 0, 765, 2610, 2601, 239, 11.07%, 0, 51, 2, 2583.84
1464057290, 0, 768, 2610, 2600, 238, 11.07%, 0, 51, 2, 258.42
1464057628, 0, 768, 2612, 2601, 237, 11.07%, 0, 53, 2, 5.54
1464057633, 0, 788, 2613, 2602, 237, 11.07%, 0, 54, 2, 2510.12
1464057970, 0, 789, 2613, 2601, 236, 11.07%, 0, 54, 2, 1902.54
1464058000, 0, 789, 2614, 2602, 236, 11.07%, 0, 54, 2, 4.51
1464058934, 0, 789, 2615, 2603, 236, 11.07%, 0, 54, 2, 5.54
1464059222, 0, 795, 2615, 2602, 235, 11.07%, 0, 54, 2, 71.96
1464059442, 0, 799, 2615, 2601, 234, 11.07%, 0, 54, 2, 356.73
1464060155, 0, 805, 2615, 2600, 233, 11.07%, 0, 54, 2, 109.33
1464060294, 0, 805, 2616, 2600, 232, 11.07%, 0, 54, 2, 9.68
1464060299, 0, 805, 2624, 2608, 232, 11.07%, 0, 55, 2, 18.95
1464060304, 0, 808, 2624, 2608, 232, 11.07%, 0, 56, 2, 2948.11
1464060596, 0, 810, 2624, 2607, 231, 11.07%, 0, 56, 2, 60.88
1464060734, 0, 811, 2624, 2606, 230, 11.07%, 0, 56, 2, 3181.54
1464061448, 0, 812, 2624, 2605, 229, 11.07%, 0, 56, 2, 47.77
1464061926, 0, 822, 2624, 2604, 228, 11.07%, 0, 56, 2, 119.37
1464062080, 0, 827, 2624, 2603, 227, 11.07%, 0, 56, 2, 201.17
1464062482, 0, 829, 2624, 2602, 226, 11.07%, 0, 56, 2, 124.84
1464062687, 0, 835, 2624, 2601, 225, 11.07%, 0, 56, 2, 231.48
1464062930, 0, 843, 2624, 2600, 225, 11.07%, 0, 56, 2, 324.48
1464063400, 0, 849, 2624, 2599, 224, 11.07%, 0, 56, 2, 1453.47
1464063768, 0, 851, 2628, 2602, 223, 11.07%, 0, 56, 2, 2066.37
1464064274, 0, 853, 2628, 2601, 222, 11.07%, 0, 56, 2, 73.90
1464064485, 0, 855, 2628, 2600, 221, 11.07%, 0, 56, 2, 92.27
1464064740, 0, 855, 2629, 2601, 221, 11.07%, 0, 56, 2, 7.37
1464064756, 0, 855, 2630, 2602, 221, 11.07%, 0, 56, 2, 8.67
1464065188, 0, 858, 2630, 2601, 220, 11.07%, 0, 56, 2, 4517.63
1464065265, 0, 867, 2630, 2600, 219, 11.07%, 0, 56, 2, 682.27
1464065346, 0, 867, 2631, 2601, 219, 11.07%, 0, 56, 2, 173.42
1464065464, 0, 872, 2631, 2600, 218, 11.07%, 0, 56, 2, 13.59
1464065474, 0, 872, 2631, 2600, 218, 11.07%, 1, 56, 2, 73.66
1464065479, 0, 872, 2631, 2600, 218, 11.07%, 2, 56, 2, 76.81
1464065505, 0, 872, 2631, 2600, 218, 11.07%, 3, 56, 2, 30.18
1464065510, 0, 872, 2631, 2600, 218, 11.07%, 4, 56, 2, 28.97
1464065576, 0, 915, 2631, 2599, 217, 11.07%, 4, 56, 2, 787.43
1464066007, 0, 932, 2631, 2598, 216, 11.07%, 4, 56, 2, 354.69
1464066130, 0, 943, 2631, 2597, 215, 11.07%, 4, 56, 2, 864.44
1464066724, 0, 954, 2631, 2596, 214, 11.07%, 4, 56, 2, 2120.90
1464067174, 0, 956, 2631, 2595, 213, 11.07%, 4, 56, 2, 2054.36
1464067477, 0, 962, 2631, 2594, 212, 11.07%, 4, 56, 2, 228.06
1464067615, 0, 965, 2631, 2593, 211, 11.07%, 4, 56, 2, 586.23
1464067871, 0, 970, 2631, 2592, 210, 11.07%, 4, 56, 2, 552.97
1464067897, 0, 970, 2632, 2593, 210, 11.07%, 4, 56, 2, 119.76
1464068394, 0, 977, 2632, 2592, 209, 11.07%, 4, 56, 2, 259.47
1464068984, 0, 984, 2632, 2591, 208, 11.07%, 4, 56, 2, 86.82
1464069260, 0, 986, 2632, 2590, 207, 11.07%, 4, 56, 2, 200.79
1464070116, 0, 992, 2632, 2589, 206, 11.07%, 4, 56, 2, 446.21
1464070550, 0, 1025, 2632, 2588, 205, 11.07%, 4, 56, 2, 870.44
1464071256, 0, 1033, 2632, 2587, 204, 11.07%, 4, 56, 2, 310.90
1464071358, 0, 1051, 2634, 2588, 203, 11.07%, 4, 56, 2, 1043.95
1464071638, 0, 1053, 2634, 2587, 202, 11.07%, 4, 56, 2, 1396.24
1464071930, 0, 1074, 2634, 2586, 201, 11.07%, 4, 56, 2, 422.26
1464071966, 0, 1074, 2634, 2586, 201, 11.07%, 5, 56, 2, 350.48
1464072303, 0, 1083, 2634, 2585, 200, 11.07%, 5, 56, 2, 123.14
1464072523, 0, 1091, 2634, 2584, 200, 11.07%, 5, 56, 2, 45.90
1464072610, 0, 1096, 2634, 2583, 199, 11.07%, 5, 56, 2, 168.42
1464072774, 0, 1101, 2634, 2582, 199, 11.07%, 5, 56, 2, 766.90
1464073097, 0, 1105, 2634, 2581, 198, 11.07%, 5, 56, 2, 446.50
1464073153, 0, 1105, 2635, 2582, 198, 11.07%, 5, 56, 2, 2.70
1464073387, 0, 1105, 2636, 2583, 198, 11.07%, 5, 56, 2, 48.88
1464073398, 0, 1110, 2636, 2582, 197, 11.07%, 5, 56, 2, 622.15
1464073500, 0, 1110, 2636, 2582, 197, 11.07%, 6, 56, 2, 11.96
1464073735, 0, 1118, 2636, 2581, 196, 11.07%, 6, 56, 2, 3.01
1464074291, 0, 1119, 2636, 2580, 195, 11.07%, 6, 56, 2, 1015.26
1464074649, 0, 1121, 2636, 2579, 194, 11.07%, 6, 56, 2, 547.18
1464075591, 0, 1122, 2636, 2578, 193, 11.07%, 6, 56, 2, 419.86
1464076005, 0, 1127, 2636, 2577, 192, 11.07%, 6, 56, 2, 5055.02
1464076528, 0, 1147, 2636, 2576, 191, 11.07%, 6, 56, 2, 1113.20
1464076914, 0, 1153, 2637, 2576, 190, 11.07%, 6, 56, 2, 2850.42
1464077078, 0, 1156, 2637, 2575, 189, 11.07%, 6, 56, 2, 62.27
1464077386, 0, 1165, 2637, 2574, 188, 11.07%, 6, 56, 2, 149.03
1464077673, 0, 1171, 2637, 2573, 187, 11.07%, 6, 56, 2, 181.80
1464078123, 0, 1180, 2637, 2572, 186, 11.07%, 6, 56, 2, 876.48
1464078201, 0, 1183, 2638, 2572, 185, 11.07%, 6, 56, 2, 2702.96
1464078257, 0, 1192, 2638, 2571, 184, 11.07%, 6, 56, 2, 1169.89
1464078585, 0, 1196, 2638, 2570, 183, 11.07%, 6, 56, 2, 200.73
1464078806, 0, 1203, 2638, 2569, 182, 11.07%, 6, 56, 2, 399.69
1464078888, 0, 1208, 2638, 2568, 181, 11.07%, 6, 56, 2, 523.12
1464079051, 0, 1232, 2638, 2567, 180, 11.07%, 6, 56, 2, 589.40
1464079277, 0, 1239, 2638, 2566, 179, 11.07%, 6, 56, 2, 200.11
1464079425, 0, 1241, 2638, 2565, 178, 11.07%, 6, 56, 2, 1648.16
1464079630, 0, 1244, 2638, 2564, 177, 11.07%, 6, 56, 2, 925.26
1464080466, 0, 1248, 2638, 2563, 176, 11.07%, 6, 56, 2, 1327.63
1464080584, 0, 1249, 2638, 2562, 175, 11.07%, 6, 56, 2, 332.20
1464080989, 0, 1257, 2638, 2561, 174, 11.07%, 6, 56, 2, 46.48
1464081127, 0, 1260, 2638, 2560, 173, 11.07%, 6, 56, 2, 50.08
1464081254, 0, 1269, 2638, 2559, 172, 11.07%, 6, 56, 2, 1701.83
1464081417, 0, 1286, 2638, 2558, 171, 11.07%, 6, 56, 2, 394.23
1464081825, 0, 1290, 2638, 2557, 170, 11.07%, 6, 56, 2, 33.81
1464081907, 0, 1295, 2638, 2556, 169, 11.07%, 6, 56, 2, 28.00
1464082093, 0, 1302, 2638, 2555, 168, 11.07%, 6, 56, 2, 60.06
1464082159, 0, 1324, 2638, 2554, 168, 11.07%, 6, 56, 2, 1831.69
1464082266, 0, 1343, 2638, 2553, 167, 11.07%, 6, 56, 2, 1304.38
1464082696, 0, 1362, 2638, 2552, 166, 11.07%, 6, 56, 2, 1668.13
1464082922, 0, 1362, 2638, 2552, 166, 11.07%, 6, 59, 2, 2.07
1464082927, 0, 1362, 2638, 2552, 166, 11.07%, 6, 61, 2, 2.08
1464082933, 0, 1362, 2638, 2552, 166, 11.07%, 6, 69, 2, 2.08
1464082938, 0, 1362, 2638, 2552, 166, 11.07%, 6, 77, 2, 2.07
1464082943, 0, 1362, 2638, 2552, 166, 11.07%, 6, 83, 2, 2.07
1464082949, 0, 1362, 2638, 2552, 166, 11.07%, 6, 86, 2, 2.07
1464082954, 0, 1362, 2638, 2552, 166, 11.07%, 6, 93, 2, 2.07
1464082959, 0, 1362, 2638, 2552, 166, 11.07%, 6, 99, 2, 2.07
1464082965, 0, 1362, 2638, 2552, 166, 11.07%, 6, 106, 2, 2.07
1464082970, 0, 1362, 2638, 2552, 166, 11.07%, 6, 110, 2, 2.07
1464082991, 0, 1362, 2638, 2552, 166, 11.07%, 6, 115, 2, 2.14
1464082996, 0, 1362, 2638, 2552, 166, 11.07%, 6, 121, 2, 2.10
1464083002, 0, 1362, 2638, 2552, 166, 11.07%, 6, 126, 2, 2.09
1464083007, 0, 1362, 2638, 2552, 166, 11.07%, 6, 131, 2, 2.08
1464083012, 0, 1362, 2638, 2552, 166, 11.07%, 6, 135, 2, 2.07
1464083018, 0, 1362, 2638, 2552, 166, 11.07%, 6, 139, 2, 2.07
1464083023, 0, 1362, 2638, 2552, 166, 11.07%, 6, 142, 2, 2.07
1464083038, 0, 1362, 2638, 2552, 166, 11.07%, 6, 143, 2, 2.11
1464083044, 0, 1362, 2638, 2552, 166, 11.07%, 6, 149, 2, 2.09
1464083049, 0, 1362, 2638, 2552, 166, 11.07%, 6, 155, 2, 2.08
1464083054, 0, 1362, 2638, 2552, 166, 11.07%, 6, 160, 2, 2.07
1464083060, 0, 1362, 2638, 2552, 166, 11.07%, 6, 165, 2, 2.07
1464083065, 0, 1362, 2638, 2552, 166, 11.07%, 6, 171, 2, 2.07
1464083070, 0, 1362, 2638, 2552, 166, 11.07%, 6, 172, 2, 2.07
1464083076, 0, 1362, 2638, 2552, 166, 11.07%, 6, 173, 2, 2.07
1464083081, 0, 1362, 2638, 2552, 166, 11.07%, 6, 175, 2, 2.08
1464083086, 0, 1362, 2638, 2552, 166, 11.07%, 6, 178, 2, 2.07
1464083092, 0, 1362, 2638, 2552, 166, 11.07%, 6, 181, 2, 2.07
1464083097, 0, 1362, 2638, 2552, 166, 11.07%, 6, 184, 2, 2.07
1464083102, 0, 1362, 2638, 2552, 166, 11.07%, 6, 188, 2, 2.07
1464083107, 0, 1362, 2638, 2552, 166, 11.07%, 6, 191, 2, 2.07
1464083113, 0, 1362, 2638, 2552, 166, 11.07%, 6, 193, 2, 2.10
1464083123, 0, 1362, 2638, 2552, 166, 11.07%, 6, 194, 2, 2.12
1464083133, 0, 1362, 2638, 2552, 166, 11.07%, 6, 197, 2, 2.09
1464083139, 0, 1362, 2638, 2552, 166, 11.07%, 6, 203, 2, 2.08
1464083144, 0, 1362, 2638, 2552, 166, 11.07%, 6, 208, 2, 2.07
1464083149, 0, 1362, 2638, 2552, 166, 11.07%, 6, 211, 2, 2.07
1464083155, 0, 1362, 2638, 2552, 166, 11.07%, 6, 216, 2, 2.07
1464083171, 0, 1362, 2638, 2552, 166, 11.07%, 6, 218, 2, 2.07
1464083176, 0, 1362, 2638, 2552, 166, 11.07%, 6, 221, 2, 2.07
1464083181, 0, 1362, 2638, 2552, 166, 11.07%, 6, 224, 2, 2.07
1464083187, 0, 1362, 2638, 2552, 166, 11.07%, 6, 230, 2, 2.07
1464083192, 0, 1362, 2638, 2552, 166, 11.07%, 6, 234, 2, 2.07
1464083197, 0, 1362, 2638, 2552, 166, 11.07%, 6, 235, 2, 2.07
1464083203, 0, 1362, 2638, 2552, 166, 11.07%, 6, 240, 2, 2.07
1464083208, 0, 1362, 2638, 2552, 166, 11.07%, 6, 243, 2, 2.07
1464083213, 0, 1362, 2638, 2552, 166, 11.07%, 6, 244, 2, 2.07
1464083219, 0, 1362, 2638, 2552, 166, 11.07%, 6, 248, 2, 2.07
1464083229, 0, 1362, 2638, 2552, 166, 11.07%, 6, 249, 2, 2.07
1464083235, 0, 1362, 2638, 2552, 166, 11.07%, 6, 250, 2, 2.07
1464083240, 0, 1362, 2638, 2552, 166, 11.07%, 6, 252, 2, 2.07
1464083245, 0, 1362, 2638, 2552, 166, 11.07%, 6, 254, 2, 2.07
1464083250, 0, 1366, 2638, 2551, 165, 11.07%, 6, 256, 2, 2.20
1464083531, 0, 1390, 2638, 2550, 164, 11.07%, 6, 256, 2, 140.17
1464083577, 0, 1405, 2638, 2549, 163, 11.07%, 6, 256, 2, 846.36
1464083973, 0, 1415, 2638, 2548, 162, 11.07%, 6, 256, 2, 459.49
1464084541, 0, 1443, 2638, 2547, 161, 11.07%, 6, 256, 2, 137.85
1464084850, 0, 1457, 2638, 2546, 160, 11.07%, 6, 256, 2, 115.65
1464085243, 0, 1471, 2638, 2545, 159, 11.07%, 6, 256, 2, 674.97
1464085796, 0, 1473, 2638, 2544, 158, 11.07%, 6, 256, 2, 1457.37
1464086025, 0, 1478, 2638, 2543, 157, 11.07%, 6, 256, 2, 61.97
1464086451, 0, 1487, 2638, 2542, 156, 11.07%, 6, 256, 2, 317.57
1464086896, 0, 1487, 2639, 2543, 156, 11.07%, 6, 256, 2, 264.36
1464087241, 0, 1490, 2639, 2542, 156, 11.07%, 6, 256, 2, 144.50
1464087497, 0, 1491, 2639, 2541, 156, 11.07%, 6, 256, 2, 420.61
1464087988, 0, 1501, 2639, 2540, 155, 11.07%, 6, 256, 2, 464.09
1464088361, 0, 1503, 2639, 2539, 154, 11.07%, 6, 256, 2, 123.91
1464088793, 0, 1510, 2639, 2538, 153, 11.07%, 6, 256, 2, 278.65
1464088818, 0, 1510, 2639, 2538, 153, 11.07%, 7, 256, 2, 200.21
1464088849, 0, 1510, 2639, 2538, 153, 11.07%, 8, 256, 2, 227.65
1464089196, 0, 1510, 2639, 2538, 153, 11.07%, 8, 257, 2, 4.31
1464089568, 0, 1510, 2639, 2538, 153, 11.07%, 8, 258, 2, 12.85
1464089579, 0, 1510, 2639, 2538, 153, 11.07%, 8, 260, 2, 13.64
1464089594, 0, 1510, 2639, 2538, 153, 11.07%, 8, 262, 2, 12.86
1464089620, 0, 1510, 2639, 2538, 153, 11.07%, 8, 264, 2, 12.84
1464089635, 0, 1510, 2639, 2538, 153, 11.07%, 8, 266, 2, 14.74
1464089655, 0, 1510, 2639, 2538, 153, 11.07%, 8, 267, 2, 18.28
1464089661, 0, 1510, 2639, 2538, 153, 11.07%, 8, 268, 2, 2.07
1464089743, 0, 1514, 2639, 2537, 152, 11.07%, 8, 268, 2, 266.02
1464090367, 0, 1530, 2639, 2536, 151, 11.07%, 8, 268, 2, 159.19
1464091127, 0, 1549, 2639, 2535, 150, 11.07%, 8, 268, 2, 204.76
1464092095, 0, 1571, 2639, 2534, 149, 11.07%, 8, 268, 2, 734.78
1464092613, 0, 1584, 2639, 2533, 148, 11.07%, 8, 268, 2, 120.35
1464092807, 0, 1587, 2640, 2533, 147, 11.07%, 8, 268, 2, 1927.03
1464093349, 0, 1587, 2640, 2533, 147, 11.07%, 8, 272, 2, 4.06
1464093355, 0, 1587, 2640, 2533, 147, 11.07%, 8, 275, 2, 3.04
1464093360, 0, 1587, 2640, 2533, 147, 11.07%, 8, 278, 2, 2.55
1464093365, 0, 1587, 2640, 2533, 147, 11.07%, 8, 279, 2, 2.33
1464093371, 0, 1587, 2640, 2533, 147, 11.07%, 8, 280, 2, 2.20
1464093376, 0, 1587, 2640, 2533, 147, 11.07%, 8, 284, 2, 2.13
1464093381, 0, 1587, 2640, 2533, 147, 11.07%, 8, 288, 2, 2.10
1464093387, 0, 1587, 2640, 2533, 147, 11.07%, 8, 289, 2, 2.08
1464093407, 0, 1587, 2640, 2533, 147, 11.07%, 8, 291, 2, 2.23
1464093417, 0, 1587, 2640, 2533, 147, 11.07%, 8, 292, 2, 2.18
1464093428, 0, 1587, 2640, 2533, 147, 11.07%, 8, 294, 2, 2.10
1464093449, 0, 1587, 2640, 2533, 147, 11.07%, 8, 297, 2, 2.09
1464093454, 0, 1587, 2640, 2533, 147, 11.07%, 8, 299, 2, 2.08
1464093465, 0, 1587, 2640, 2533, 147, 11.07%, 8, 301, 2, 2.09
1464093486, 0, 1587, 2640, 2533, 147, 11.07%, 8, 304, 2, 2.09
1464093491, 0, 1587, 2640, 2533, 147, 11.07%, 8, 305, 2, 2.08
1464093496, 0, 1587, 2640, 2533, 147, 11.07%, 8, 306, 2, 2.08
1464093507, 0, 1587, 2640, 2533, 147, 11.07%, 8, 308, 2, 2.08
1464093528, 0, 1587, 2640, 2533, 147, 11.07%, 8, 310, 2, 2.11
1464093533, 0, 1587, 2640, 2533, 147, 11.07%, 8, 311, 2, 2.09
1464093544, 0, 1587, 2640, 2533, 147, 11.07%, 8, 313, 2, 2.07
1464093549, 0, 1587, 2640, 2533, 147, 11.07%, 8, 314, 2, 2.09
1464093554, 0, 1587, 2640, 2533, 147, 11.07%, 8, 315, 2, 2.09
1464093565, 0, 1587, 2640, 2533, 147, 11.07%, 8, 316, 2, 2.08
1464093570, 0, 1587, 2640, 2533, 147, 11.07%, 8, 319, 2, 2.07
1464093575, 0, 1587, 2640, 2533, 147, 11.07%, 8, 322, 2, 2.07
1464093591, 0, 1587, 2640, 2533, 147, 11.07%, 8, 323, 2, 2.07
1464093597, 0, 1587, 2640, 2533, 147, 11.07%, 8, 324, 2, 2.07
1464093602, 0, 1587, 2640, 2533, 147, 11.07%, 8, 326, 2, 2.07
1464093613, 0, 1587, 2640, 2533, 147, 11.07%, 8, 327, 2, 2.07
1464093849, 0, 1587, 2640, 2533, 147, 11.07%, 8, 328, 2, 2.09
1464093854, 0, 1587, 2640, 2533, 147, 11.07%, 8, 331, 2, 2.08
1464093860, 0, 1587, 2640, 2533, 147, 11.07%, 8, 333, 2, 2.07
1464093875, 0, 1597, 2640, 2532, 146, 11.07%, 8, 333, 2, 951.08
1464094367, 0, 1617, 2640, 2531, 146, 11.07%, 8, 333, 2, 24.47
1464095041, 0, 1654, 2640, 2530, 146, 11.07%, 8, 333, 2, 211.92
1464095164, 0, 1654, 2640, 2530, 146, 11.07%, 9, 333, 2, 8.10
1464095472, 0, 1656, 2640, 2529, 145, 11.07%, 9, 333, 2, 136.86
1464095778, 0, 1697, 2641, 2529, 144, 11.07%, 9, 333, 2, 24.82
1464096054, 0, 1703, 2641, 2528, 143, 11.07%, 9, 333, 2, 74.33
1464096326, 0, 1713, 2641, 2527, 143, 11.07%, 9, 333, 2, 100.12
1464096623, 0, 1718, 2641, 2526, 142, 11.07%, 9, 333, 2, 85.18
1464096997, 0, 1722, 2641, 2525, 141, 11.07%, 9, 333, 2, 503.84
1464097105, 0, 1745, 2641, 2524, 140, 11.07%, 9, 333, 2, 939.92
1464097788, 0, 1756, 2641, 2523, 139, 11.07%, 9, 333, 2, 718.08
1464098192, 0, 1763, 2641, 2522, 138, 11.07%, 9, 333, 2, 136.78
1464098361, 0, 1766, 2641, 2521, 137, 11.07%, 9, 333, 2, 432.03
1464098607, 0, 1774, 2641, 2520, 136, 11.07%, 9, 333, 2, 270.49
1464098730, 0, 1782, 2643, 2521, 135, 11.07%, 9, 333, 2, 283.99
1464098904, 0, 1782, 2643, 2521, 135, 11.07%, 9, 335, 2, 2.07
1464098909, 0, 1782, 2643, 2521, 135, 11.07%, 9, 337, 2, 2.07
1464098914, 0, 1782, 2643, 2521, 135, 11.07%, 9, 338, 2, 2.06
1464098930, 0, 1782, 2643, 2521, 135, 11.07%, 9, 339, 2, 2.06
1464098936, 0, 1782, 2643, 2521, 135, 11.07%, 9, 342, 2, 2.07
1464098941, 0, 1782, 2643, 2521, 135, 11.07%, 9, 343, 2, 2.07
1464098962, 0, 1782, 2643, 2521, 135, 11.07%, 9, 344, 2, 2.06
1464098968, 0, 1782, 2643, 2521, 135, 11.07%, 9, 348, 2, 2.06
1464098973, 0, 1782, 2643, 2521, 135, 11.07%, 9, 351, 2, 2.06
1464098978, 0, 1782, 2643, 2521, 135, 11.07%, 9, 352, 2, 2.06
1464098984, 0, 1782, 2643, 2521, 135, 11.07%, 9, 353, 2, 2.07
1464098989, 0, 1782, 2643, 2521, 135, 11.07%, 9, 354, 2, 2.07
1464098994, 0, 1782, 2643, 2521, 135, 11.07%, 9, 355, 2, 2.06
1464099005, 0, 1782, 2643, 2521, 135, 11.07%, 9, 356, 2, 2.06
1464099010, 0, 1782, 2643, 2521, 135, 11.07%, 9, 357, 2, 2.06
1464099026, 0, 1787, 2643, 2520, 134, 11.07%, 9, 357, 2, 349.45
1464099031, 0, 1787, 2644, 2521, 134, 11.07%, 9, 357, 2, 383.08
