# unix_time, cycles_done, cur_path, paths_total, pending_total, pending_favs, map_size, unique_crashes, unique_hangs, max_depth, execs_per_sec
1463592824, 0, 1437, 2378, 2378, 260, 11.05%, 0, 0, 1, 149.24
1463593238, 0, 1437, 2379, 2379, 260, 11.05%, 0, 0, 2, 172.00
1463594097, 0, 1437, 2380, 2380, 260, 11.05%, 0, 0, 2, 147.55
1463594871, 0, 1437, 2381, 2381, 260, 11.05%, 0, 0, 2, 164.04
1463606389, 0, 1437, 2382, 2382, 260, 11.05%, 0, 0, 2, 161.93
1463607862, 0, 1437, 2383, 2383, 260, 11.05%, 0, 0, 2, 162.36
1463612123, 0, 1437, 2384, 2384, 260, 11.05%, 0, 0, 2, 148.64
1463612148, 0, 1437, 2385, 2385, 260, 11.05%, 0, 0, 2, 158.24
1463612153, 0, 1437, 2386, 2386, 260, 11.05%, 0, 0, 2, 156.01
1463612163, 0, 1437, 2387, 2387, 260, 11.05%, 0, 0, 2, 146.08
1463612174, 0, 1437, 2388, 2388, 260, 11.05%, 0, 0, 2, 155.12
1463612189, 0, 1437, 2389, 2389, 260, 11.05%, 0, 0, 2, 131.19
1463612306, 0, 1437, 2390, 2390, 260, 11.05%, 0, 0, 2, 108.80
1463612346, 0, 1437, 2391, 2391, 260, 11.05%, 0, 0, 2, 107.52
1463612509, 0, 1437, 2392, 2392, 260, 11.05%, 0, 0, 2, 112.26
1463612830, 0, 1437, 2393, 2393, 260, 11.05%, 0, 0, 2, 157.35
1463613043, 0, 1437, 2395, 2394, 259, 11.05%, 0, 0, 2, 84.16
1463613048, 0, 1437, 2406, 2405, 259, 11.05%, 0, 0, 2, 3.19
1463613053, 0, 1437, 2416, 2415, 259, 11.06%, 0, 2, 2, 7.49
1463613058, 0, 1437, 2427, 2426, 259, 11.06%, 0, 4, 2, 11.49
1463613064, 0, 1437, 2437, 2436, 259, 11.06%, 0, 6, 2, 22.42
1463613069, 0, 1437, 2451, 2450, 259, 11.06%, 0, 6, 2, 39.00
1463613074, 0, 1437, 2457, 2456, 259, 11.06%, 0, 8, 2, 15.50
1463613079, 0, 1437, 2469, 2468, 259, 11.06%, 0, 11, 2, 14.09
1463613084, 0, 1437, 2479, 2478, 259, 11.06%, 0, 11, 2, 27.03
1463613089, 0, 1437, 2494, 2493, 259, 11.06%, 0, 11, 2, 35.85
1463613094, 0, 1437, 2502, 2501, 259, 11.06%, 0, 12, 2, 63.91
1463613099, 0, 1437, 2513, 2512, 259, 11.06%, 0, 12, 2, 24.58
1463613105, 0, 1437, 2518, 2517, 259, 11.06%, 0, 12, 2, 26.98
1463613110, 0, 1437, 2520, 2519, 259, 11.06%, 0, 12, 2, 60.88
1463613115, 0, 1437, 2530, 2529, 259, 11.06%, 0, 13, 2, 50.49
1463613120, 0, 1437, 2538, 2537, 259, 11.06%, 0, 14, 2, 8.28
1463613125, 0, 1437, 2547, 2546, 259, 11.07%, 0, 15, 2, 3.07
1463613130, 0, 1437, 2553, 2552, 259, 11.07%, 0, 15, 2, 10.62
1463613135, 0, 1437, 2562, 2561, 259, 11.07%, 0, 17, 2, 75.48
1463613140, 0, 1437, 2570, 2569, 259, 11.07%, 0, 18, 2, 51.90
1463613146, 0, 1437, 2577, 2576, 259, 11.07%, 0, 19, 2, 8.25
1463613151, 0, 1437, 2590, 2589, 259, 11.07%, 0, 19, 2, 60.00
1463613156, 0, 1437, 2596, 2595, 259, 11.07%, 0, 20, 2, 28.02
1463613161, 0, 1437, 2605, 2604, 259, 11.07%, 0, 22, 2, 54.83
1463613166, 0, 1437, 2612, 2611, 259, 11.07%, 0, 25, 2, 6.20
1463613171, 0, 1437, 2618, 2617, 259, 11.07%, 0, 25, 2, 4.12
1463613177, 0, 1437, 2623, 2622, 259, 11.07%, 0, 26, 2, 28.83
1463613182, 0, 1437, 2631, 2630, 259, 11.07%, 0, 26, 2, 68.89
1463613187, 0, 1437, 2636, 2635, 259, 11.07%, 0, 26, 2, 90.56
1463613192, 0, 1437, 2638, 2637, 259, 11.07%, 0, 28, 2, 120.16
1463613197, 0, 1437, 2641, 2640, 259, 11.07%, 0, 30, 2, 124.73
1463613202, 0, 1437, 2643, 2642, 259, 11.07%, 0, 31, 2, 37.80
1463613207, 0, 1437, 2644, 2643, 259, 11.07%, 0, 33, 2, 45.10
1463613212, 0, 1437, 2644, 2643, 259, 11.07%, 0, 34, 2, 69.61
1463613218, 0, 1437, 2644, 2643, 259, 11.07%, 0, 36, 2, 36.36
1463613223, 0, 1437, 2644, 2643, 259, 11.07%, 0, 37, 2, 56.04
1463613228, 0, 1437, 2646, 2645, 259, 11.07%, 0, 38, 2, 56.04
1463613233, 0, 1437, 2648, 2647, 259, 11.07%, 0, 39, 2, 91.58
1463613238, 0, 1437, 2649, 2648, 259, 11.07%, 0, 41, 2, 31.38
1463613244, 0, 1437, 2651, 2650, 259, 11.07%, 0, 44, 2, 65.59
1463613249, 0, 1437, 2654, 2653, 259, 11.07%, 0, 45, 2, 69.09
1463613264, 0, 1437, 2660, 2659, 259, 11.07%, 0, 45, 2, 86.54
1463613270, 0, 1437, 2661, 2660, 259, 11.07%, 0, 46, 2, 54.56
1463613275, 0, 1437, 2663, 2662, 259, 11.07%, 0, 49, 2, 30.63
1463613280, 0, 1437, 2664, 2663, 259, 11.07%, 0, 49, 2, 96.62
1463613285, 0, 1437, 2664, 2663, 259, 11.07%, 0, 52, 2, 6.24
1463613290, 0, 1437, 2665, 2664, 259, 11.07%, 0, 54, 2, 12.91
1463613295, 0, 1437, 2667, 2666, 259, 11.07%, 0, 55, 2, 71.41
1463613300, 0, 1437, 2667, 2666, 259, 11.07%, 0, 57, 2, 28.11
1463613305, 0, 1437, 2670, 2669, 259, 11.07%, 0, 57, 2, 159.88
1463613315, 0, 1437, 2670, 2669, 259, 11.07%, 0, 58, 2, 67.27
1463613326, 0, 1437, 2671, 2670, 259, 11.07%, 0, 58, 2, 81.23
1463613331, 0, 1437, 2671, 2670, 259, 11.07%, 0, 59, 2, 42.13
1463613336, 0, 1437, 2672, 2671, 259, 11.07%, 0, 62, 2, 47.68
1463613341, 0, 1437, 2674, 2673, 259, 11.07%, 0, 65, 2, 73.77
1463613346, 0, 1437, 2675, 2674, 259, 11.07%, 0, 68, 2, 26.09
1463613351, 0, 1437, 2675, 2674, 259, 11.07%, 0, 70, 2, 12.89
1463613361, 0, 1437, 2675, 2674, 259, 11.07%, 0, 71, 2, 49.71
1463613367, 0, 1437, 2675, 2674, 259, 11.07%, 0, 72, 2, 133.97
1463613377, 0, 1437, 2676, 2675, 259, 11.07%, 0, 73, 2, 82.45
1463613382, 0, 1437, 2678, 2677, 259, 11.07%, 0, 74, 2, 8.82
1463613388, 0, 1437, 2678, 2677, 259, 11.07%, 0, 77, 2, 40.90
1463613393, 0, 1437, 2679, 2678, 259, 11.07%, 0, 78, 2, 57.14
1463613398, 0, 1437, 2680, 2679, 259, 11.07%, 0, 79, 2, 86.27
1463613403, 0, 1437, 2680, 2679, 259, 11.07%, 0, 80, 2, 22.79
1463613408, 0, 1437, 2680, 2679, 259, 11.07%, 0, 82, 2, 40.16
1463613413, 0, 1437, 2680, 2679, 259, 11.07%, 0, 85, 2, 30.72
1463613419, 0, 1437, 2681, 2680, 259, 11.07%, 0, 87, 2, 10.89
1463613424, 0, 1437, 2681, 2680, 259, 11.07%, 0, 90, 2, 53.54
1463613429, 0, 1437, 2682, 2681, 259, 11.07%, 0, 90, 2, 47.11
1463613434, 0, 1437, 2683, 2682, 259, 11.07%, 0, 91, 2, 27.53
1463613439, 0, 1437, 2683, 2682, 259, 11.07%, 0, 92, 2, 111.04
1463613445, 0, 1437, 2683, 2682, 259, 11.07%, 0, 95, 2, 43.63
1463613450, 0, 1437, 2683, 2682, 259, 11.07%, 0, 96, 2, 23.98
1463613460, 0, 1437, 2684, 2683, 259, 11.07%, 0, 98, 2, 57.37
1463613465, 0, 1437, 2685, 2684, 259, 11.07%, 0, 98, 2, 129.97
1463613470, 0, 1437, 2685, 2684, 259, 11.07%, 0, 99, 2, 43.73
1463613475, 0, 1437, 2685, 2684, 259, 11.07%, 0, 100, 2, 52.19
1463613481, 0, 1437, 2687, 2686, 259, 11.07%, 0, 101, 2, 117.68
1463613486, 0, 1437, 2688, 2687, 259, 11.07%, 0, 103, 2, 9.52
1463613491, 0, 1437, 2689, 2688, 259, 11.07%, 0, 104, 2, 14.28
1463613496, 0, 1437, 2689, 2688, 259, 11.07%, 0, 106, 2, 35.37
1463613502, 0, 1437, 2689, 2688, 259, 11.07%, 0, 107, 2, 50.98
1463613512, 0, 1437, 2690, 2689, 259, 11.07%, 0, 107, 2, 58.69
1463613527, 0, 1437, 2690, 2689, 259, 11.07%, 0, 108, 2, 71.71
1463613532, 0, 1437, 2691, 2690, 259, 11.07%, 0, 108, 2, 13.29
1463613574, 0, 1437, 2692, 2691, 259, 11.07%, 0, 108, 2, 56.11
1463613584, 0, 1440, 2692, 2691, 257, 11.07%, 0, 108, 2, 5313.41
1463613589, 0, 1442, 2692, 2690, 256, 11.07%, 0, 108, 2, 3438.54
1463613843, 0, 1449, 2692, 2689, 255, 11.07%, 0, 108, 2, 1642.43
1463614121, 0, 1458, 2692, 2688, 254, 11.07%, 0, 108, 2, 2442.16
1463614126, 0, 1459, 2692, 2687, 253, 11.07%, 0, 108, 2, 4423.79
1463614166, 0, 1468, 2692, 2686, 252, 11.07%, 0, 108, 2, 1790.39
1463614573, 0, 1482, 2692, 2685, 251, 11.07%, 0, 108, 2, 2693.69
1463614603, 0, 1492, 2692, 2684, 250, 11.07%, 0, 108, 2, 2364.10
1463614654, 0, 1498, 2692, 2683, 249, 11.07%, 0, 108, 2, 2460.27
1463614730, 0, 1498, 2693, 2684, 249, 11.07%, 0, 108, 2, 2377.56
1463614786, 0, 1511, 2693, 2683, 248, 11.07%, 0, 108, 2, 179.69
1463623543, 0, 1549, 2693, 2682, 247, 11.07%, 0, 108, 2, 2962.05
1463623553, 0, 1558, 2693, 2681, 246, 11.07%, 0, 108, 2, 3800.00
1463623574, 0, 1568, 2693, 2680, 245, 11.07%, 0, 108, 2, 4796.00
1463623579, 0, 1578, 2693, 2679, 244, 11.07%, 0, 108, 2, 404.94
1463626472, 0, 1600, 2693, 2678, 243, 11.07%, 0, 108, 2, 4338.96
1463626502, 0, 1610, 2693, 2677, 242, 11.07%, 0, 108, 2, 2733.47
1463626842, 0, 1617, 2693, 2676, 241, 11.07%, 0, 108, 2, 932.11
1463627832, 0, 1617, 2693, 2676, 241, 11.07%, 1, 108, 2, 567.76
1463628392, 0, 1620, 2693, 2675, 240, 11.07%, 1, 108, 2, 943.65
1463628513, 0, 1625, 2693, 2674, 239, 11.07%, 1, 108, 2, 2452.19
1463628746, 0, 1628, 2693, 2673, 238, 11.07%, 1, 108, 2, 2051.19
1463628863, 0, 1634, 2693, 2672, 237, 11.07%, 1, 108, 2, 3324.35
1463628904, 0, 1641, 2693, 2671, 236, 11.07%, 1, 108, 2, 4116.12
1463628919, 0, 1643, 2693, 2670, 235, 11.07%, 1, 108, 2, 4590.89
1463628924, 0, 1649, 2693, 2669, 234, 11.07%, 1, 108, 2, 5729.77
1463628929, 0, 1660, 2693, 2668, 233, 11.07%, 1, 108, 2, 5338.39
1463628934, 0, 1666, 2693, 2667, 232, 11.07%, 1, 108, 2, 882.14
1463629406, 0, 1678, 2693, 2666, 231, 11.07%, 1, 108, 2, 950.03
1463630029, 0, 1684, 2693, 2665, 230, 11.07%, 1, 108, 2, 5286.46
1463630034, 0, 1685, 2693, 2664, 229, 11.07%, 1, 108, 2, 4770.86
1463630044, 0, 1697, 2693, 2663, 228, 11.07%, 1, 108, 2, 4112.65
1463630085, 0, 1701, 2693, 2662, 227, 11.07%, 1, 108, 2, 3253.24
1463630095, 0, 1732, 2693, 2661, 226, 11.07%, 1, 108, 2, 3752.88
1463630140, 0, 1743, 2693, 2660, 225, 11.07%, 1, 108, 2, 1787.94
1463630211, 0, 1749, 2693, 2659, 224, 11.07%, 1, 108, 2, 138.17
1463644623, 0, 1756, 2693, 2658, 223, 11.07%, 1, 108, 2, 3373.12
1463644638, 0, 1758, 2693, 2657, 222, 11.07%, 1, 108, 2, 77.25
1463736382, 0, 1760, 2693, 2656, 222, 11.07%, 1, 108, 2, 37.11
1463785100, 0, 1769, 2693, 2655, 221, 11.07%, 1, 108, 2, 3556.12
1463785135, 0, 1779, 2693, 2654, 220, 11.07%, 1, 108, 2, 3134.01
1463785222, 0, 1783, 2693, 2653, 219, 11.07%, 1, 108, 2, 1705.08
1463785536, 0, 1791, 2693, 2652, 218, 11.07%, 1, 108, 2, 1470.15
1463785552, 0, 1809, 2693, 2651, 217, 11.07%, 1, 108, 2, 894.14
1463786281, 0, 1817, 2693, 2650, 216, 11.07%, 1, 108, 2, 1367.82
1463786752, 0, 1821, 2693, 2649, 215, 11.07%, 1, 108, 2, 1494.56
1463789218, 0, 1825, 2693, 2648, 215, 11.07%, 1, 108, 2, 2654.39
1463789279, 0, 1853, 2693, 2647, 214, 11.07%, 1, 108, 2, 1945.27
1463789569, 0, 1862, 2693, 2646, 213, 11.07%, 1, 108, 2, 291.55
1463796775, 0, 1863, 2693, 2645, 212, 11.07%, 1, 108, 2, 223.13
1463802149, 0, 1883, 2693, 2644, 211, 11.07%, 1, 108, 2, 159.14
1463814696, 0, 1885, 2693, 2643, 211, 11.07%, 1, 108, 2, 305.04
1463816181, 0, 1886, 2693, 2642, 210, 11.07%, 1, 108, 2, 524.30
1463817538, 0, 1894, 2693, 2641, 209, 11.07%, 1, 108, 2, 31.56
1464018481, 0, 1901, 2693, 2640, 209, 11.07%, 1, 108, 2, 325.74
1464024519, 0, 1924, 2693, 2639, 208, 11.07%, 1, 108, 2, 3225.10
1464024616, 0, 1934, 2693, 2638, 207, 11.07%, 1, 108, 2, 2301.37
1464026381, 0, 1938, 2693, 2637, 206, 11.07%, 1, 108, 2, 383.22
1464028589, 0, 1942, 2693, 2636, 205, 11.07%, 1, 108, 2, 369.76
1464031001, 0, 1945, 2693, 2635, 204, 11.07%, 1, 108, 2, 311.54
1464033526, 0, 1945, 2694, 2636, 204, 11.07%, 1, 108, 2, 353.22
1464033603, 0, 1953, 2694, 2635, 203, 11.07%, 1, 108, 2, 548.57
1464034745, 0, 1956, 2694, 2634, 202, 11.07%, 1, 108, 2, 56.21
1464065460, 0, 1963, 2694, 2633, 202, 11.07%, 1, 108, 2, 204.08
1464066001, 0, 1963, 2694, 2633, 202, 11.07%, 2, 108, 2, 316.63
1464066450, 0, 1963, 2694, 2633, 202, 11.07%, 3, 108, 2, 280.02
1464066455, 0, 1963, 2694, 2633, 202, 11.07%, 4, 108, 2, 270.15
1464066496, 0, 1964, 2694, 2632, 201, 11.07%, 4, 108, 2, 786.20
1464067209, 0, 1973, 2694, 2631, 200, 11.07%, 4, 108, 2, 1698.18
1464067311, 0, 1985, 2694, 2630, 199, 11.07%, 4, 108, 2, 1463.66
1464068709, 0, 2004, 2694, 2629, 198, 11.07%, 4, 108, 2, 754.14
1464069725, 0, 2014, 2694, 2628, 197, 11.07%, 4, 108, 2, 2153.03
1464069755, 0, 2015, 2694, 2627, 196, 11.07%, 4, 108, 2, 1930.30
1464070280, 0, 2026, 2694, 2626, 195, 11.07%, 4, 108, 2, 941.49
1464070880, 0, 2037, 2694, 2625, 194, 11.07%, 4, 108, 2, 1551.24
1464071037, 0, 2043, 2694, 2624, 193, 11.07%, 4, 108, 2, 328.84
1464082478, 0, 2063, 2694, 2623, 192, 11.07%, 4, 108, 2, 1247.87
1464082686, 0, 2071, 2694, 2622, 191, 11.07%, 4, 108, 2, 1881.52
1464082747, 0, 2108, 2694, 2621, 190, 11.07%, 4, 108, 2, 122.73
