# unix_time, cycles_done, cur_path, paths_total, pending_total, pending_favs, map_size, unique_crashes, unique_hangs, max_depth, execs_per_sec
1464052115, 0, 0, 1786, 1786, 252, 11.05%, 0, 0, 1, 95.09
1464052120, 0, 7, 1790, 1790, 252, 11.05%, 0, 0, 2, 4278.31
1464052125, 0, 7, 1798, 1798, 252, 11.05%, 0, 0, 2, 144.39
1464052130, 0, 7, 1806, 1806, 252, 11.06%, 0, 0, 2, 112.41
1464052135, 0, 7, 1807, 1807, 252, 11.06%, 0, 0, 2, 100.54
1464052140, 0, 7, 1810, 1810, 252, 11.06%, 0, 0, 2, 106.71
1464052146, 0, 7, 1814, 1814, 252, 11.06%, 0, 0, 2, 99.43
1464052151, 0, 7, 1817, 1817, 252, 11.06%, 0, 0, 2, 88.99
1464052156, 0, 7, 1820, 1820, 252, 11.06%, 0, 0, 2, 91.78
1464052161, 0, 7, 1821, 1821, 252, 11.06%, 0, 0, 2, 93.08
1464052166, 0, 7, 1823, 1823, 252, 11.06%, 0, 0, 2, 93.43
1464052176, 0, 7, 1824, 1824, 252, 11.06%, 0, 0, 2, 104.58
1464052181, 0, 7, 1825, 1825, 252, 11.06%, 0, 0, 2, 100.93
1464052186, 0, 7, 1831, 1831, 252, 11.06%, 0, 0, 2, 694.31
1464052192, 0, 7, 1840, 1840, 252, 11.06%, 0, 0, 2, 737.02
1464052197, 0, 7, 1843, 1843, 252, 11.06%, 0, 0, 2, 52.98
1464052202, 0, 7, 1845, 1845, 252, 11.06%, 0, 0, 2, 46.73
1464052212, 0, 7, 1846, 1846, 252, 11.06%, 0, 0, 2, 52.17
1464052238, 0, 7, 1847, 1847, 252, 11.06%, 0, 0, 2, 55.71
1464052258, 0, 7, 1848, 1848, 252, 11.06%, 0, 0, 2, 48.85
1464052268, 0, 7, 1849, 1849, 252, 11.06%, 0, 0, 2, 55.60
1464052273, 0, 7, 1850, 1850, 252, 11.06%, 0, 0, 2, 51.42
1464052304, 0, 7, 1853, 1853, 252, 11.06%, 0, 0, 2, 46.58
1464052309, 0, 7, 1854, 1854, 252, 11.06%, 0, 0, 2, 44.96
1464052319, 0, 7, 1856, 1856, 252, 11.06%, 0, 0, 2, 49.62
1464052324, 0, 7, 1860, 1860, 252, 11.06%, 0, 0, 2, 47.39
1464052329, 0, 7, 1863, 1863, 252, 11.06%, 0, 0, 2, 46.92
1464052334, 0, 7, 1864, 1864, 252, 11.06%, 0, 0, 2, 50.02
1464052339, 0, 7, 1865, 1865, 252, 11.06%, 0, 0, 2, 50.82
1464052344, 0, 7, 1868, 1868, 252, 11.06%, 0, 0, 2, 50.17
1464052375, 0, 7, 1869, 1869, 252, 11.06%, 0, 0, 2, 51.11
1464052395, 0, 7, 1871, 1871, 252, 11.06%, 0, 0, 2, 51.54
1464052400, 0, 7, 1872, 1872, 252, 11.06%, 0, 0, 2, 54.57
1464052430, 0, 7, 1874, 1874, 252, 11.06%, 0, 0, 2, 48.68
1464052440, 0, 7, 1876, 1876, 252, 11.06%, 0, 0, 2, 47.73
1464052451, 0, 7, 1880, 1880, 252, 11.06%, 0, 0, 2, 92.58
1464052456, 0, 7, 1882, 1882, 252, 11.06%, 0, 0, 2, 110.82
1464052461, 0, 7, 1884, 1884, 252, 11.06%, 0, 0, 2, 116.80
1464052466, 0, 7, 1885, 1885, 252, 11.06%, 0, 0, 2, 101.55
1464052471, 0, 7, 1887, 1887, 252, 11.06%, 0, 0, 2, 94.83
1464052491, 0, 7, 1888, 1888, 252, 11.06%, 0, 0, 2, 107.48
1464052507, 0, 7, 1893, 1892, 251, 11.06%, 0, 0, 2, 16.65
1464052512, 0, 7, 1902, 1901, 251, 11.06%, 0, 0, 2, 13.47
1464052517, 0, 7, 1922, 1921, 251, 11.06%, 0, 0, 2, 21.48
1464052522, 0, 7, 1946, 1945, 251, 11.06%, 0, 0, 2, 7.46
1464052527, 0, 7, 1964, 1963, 251, 11.06%, 0, 0, 2, 21.17
1464052532, 0, 7, 1975, 1974, 251, 11.06%, 0, 0, 2, 1.71
1464052537, 0, 7, 1996, 1995, 251, 11.06%, 0, 0, 2, 8.01
1464052543, 0, 7, 2003, 2002, 251, 11.06%, 0, 0, 2, 2.69
1464052548, 0, 7, 2019, 2018, 251, 11.07%, 0, 0, 2, 5.35
1464052553, 0, 7, 2037, 2036, 251, 11.07%, 0, 0, 2, 6.86
1464052558, 0, 7, 2044, 2043, 251, 11.07%, 0, 0, 2, 22.25
1464052563, 0, 7, 2062, 2061, 251, 11.07%, 0, 0, 2, 30.78
1464052568, 0, 7, 2076, 2075, 251, 11.07%, 0, 0, 2, 4.12
1464052574, 0, 7, 2085, 2084, 251, 11.07%, 0, 0, 2, 2.78
1464052579, 0, 7, 2099, 2098, 251, 11.07%, 0, 0, 2, 22.97
1464052584, 0, 7, 2112, 2111, 251, 11.07%, 0, 0, 2, 35.00
1464052589, 0, 7, 2125, 2124, 251, 11.07%, 0, 0, 2, 1.75
1464052594, 0, 7, 2139, 2138, 251, 11.07%, 0, 0, 2, 2.47
1464052600, 0, 7, 2148, 2147, 251, 11.07%, 0, 0, 2, 12.73
1464052605, 0, 7, 2165, 2164, 251, 11.07%, 0, 0, 2, 6.51
1464052610, 0, 7, 2175, 2174, 251, 11.07%, 0, 0, 2, 2.29
1464052615, 0, 7, 2187, 2186, 251, 11.07%, 0, 0, 2, 20.07
1464052620, 0, 7, 2202, 2201, 251, 11.07%, 0, 0, 2, 3.09
1464052626, 0, 7, 2211, 2210, 251, 11.07%, 0, 0, 2, 2.06
1464052631, 0, 7, 2237, 2236, 251, 11.07%, 0, 0, 2, 41.79
1464052636, 0, 7, 2255, 2254, 251, 11.07%, 0, 0, 2, 13.98
1464052641, 0, 7, 2277, 2276, 251, 11.07%, 0, 0, 2, 27.63
1464052646, 0, 7, 2295, 2294, 251, 11.07%, 0, 0, 2, 1.36
1464052651, 0, 7, 2307, 2306, 251, 11.07%, 0, 0, 2, 25.10
1464052657, 0, 7, 2320, 2319, 251, 11.07%, 0, 0, 2, 33.20
1464052662, 0, 7, 2342, 2341, 251, 11.07%, 0, 0, 2, 7.84
1464052667, 0, 7, 2358, 2357, 251, 11.07%, 0, 0, 2, 9.92
1464052672, 0, 7, 2378, 2377, 251, 11.07%, 0, 0, 2, 20.41
1464052677, 0, 7, 2395, 2394, 251, 11.07%, 0, 0, 2, 26.99
1464052682, 0, 7, 2419, 2418, 251, 11.07%, 0, 0, 2, 3.94
1464052687, 0, 7, 2436, 2435, 251, 11.07%, 0, 0, 2, 9.62
1464052692, 0, 7, 2452, 2451, 251, 11.07%, 0, 0, 2, 47.81
1464052698, 0, 7, 2470, 2469, 251, 11.07%, 0, 0, 2, 3.68
1464052703, 0, 7, 2487, 2486, 251, 11.07%, 0, 0, 2, 99.41
1464052708, 0, 7, 2506, 2505, 251, 11.07%, 0, 0, 2, 61.21
1464052713, 0, 7, 2513, 2512, 251, 11.07%, 0, 0, 2, 28.78
1464052718, 0, 7, 2529, 2528, 251, 11.07%, 0, 0, 2, 21.48
1464052723, 0, 7, 2539, 2538, 251, 11.07%, 0, 0, 2, 19.99
1464052728, 0, 7, 2542, 2541, 251, 11.07%, 0, 0, 2, 51.49
1464052733, 0, 7, 2544, 2543, 251, 11.07%, 0, 0, 2, 53.97
1464052738, 0, 7, 2545, 2544, 251, 11.07%, 0, 0, 2, 58.04
1464052744, 0, 7, 2549, 2548, 251, 11.07%, 0, 0, 2, 76.90
1464052749, 0, 7, 2550, 2549, 251, 11.07%, 0, 0, 2, 102.07
1464052759, 0, 7, 2553, 2552, 251, 11.07%, 0, 0, 2, 54.80
1464052764, 0, 7, 2559, 2558, 251, 11.07%, 0, 0, 2, 73.81
1464052770, 0, 7, 2563, 2562, 251, 11.07%, 0, 0, 2, 1.91
1464052775, 0, 7, 2564, 2563, 251, 11.07%, 0, 0, 2, 110.34
1464052780, 0, 7, 2566, 2565, 251, 11.07%, 0, 0, 2, 36.96
1464052785, 0, 7, 2567, 2566, 251, 11.07%, 0, 0, 2, 70.21
1464052790, 0, 7, 2568, 2567, 251, 11.07%, 0, 0, 2, 57.10
1464052796, 0, 7, 2569, 2568, 251, 11.07%, 0, 0, 2, 79.10
1464052801, 0, 7, 2571, 2570, 251, 11.07%, 0, 0, 2, 69.15
1464052806, 0, 7, 2572, 2571, 251, 11.07%, 0, 0, 2, 19.65
1464052811, 0, 7, 2573, 2572, 251, 11.07%, 0, 0, 2, 2.38
1464052827, 0, 7, 2574, 2573, 251, 11.07%, 0, 0, 2, 44.36
1464052832, 0, 7, 2576, 2575, 251, 11.07%, 0, 0, 2, 86.77
1464052847, 0, 7, 2579, 2578, 251, 11.07%, 0, 0, 2, 66.26
1464052853, 0, 7, 2580, 2579, 251, 11.07%, 0, 0, 2, 7.89
1464052868, 0, 7, 2581, 2580, 251, 11.07%, 0, 0, 2, 87.77
1464052873, 0, 7, 2582, 2581, 251, 11.07%, 0, 0, 2, 63.38
1464052878, 0, 7, 2583, 2582, 251, 11.07%, 0, 0, 2, 10.61
1464052884, 0, 7, 2584, 2583, 251, 11.07%, 0, 0, 2, 22.70
1464052935, 0, 7, 2585, 2584, 251, 11.07%, 0, 0, 2, 77.86
1464052945, 0, 7, 2586, 2585, 251, 11.07%, 0, 0, 2, 44.93
1464053007, 0, 11, 2586, 2585, 249, 11.07%, 0, 0, 2, 222.07
1464053063, 0, 24, 2587, 2585, 248, 11.07%, 0, 0, 2, 135.64
1464053135, 0, 58, 2587, 2584, 247, 11.07%, 0, 0, 2, 329.84
1464053208, 0, 58, 2587, 2584, 247, 11.07%, 1, 0, 2, 2.61
1464053312, 0, 58, 2588, 2585, 247, 11.07%, 1, 0, 2, 192.98
1464053327, 0, 58, 2589, 2586, 247, 11.07%, 1, 0, 2, 113.53
1464053353, 0, 59, 2589, 2585, 246, 11.07%, 1, 0, 2, 172.12
1464053465, 0, 59, 2590, 2586, 246, 11.07%, 1, 0, 2, 480.06
1464053480, 0, 61, 2590, 2585, 245, 11.07%, 1, 0, 2, 1126.41
1464053593, 0, 61, 2591, 2586, 245, 11.07%, 1, 0, 2, 13.13
1464053690, 0, 61, 2592, 2587, 245, 11.07%, 1, 0, 2, 12.49
1464053945, 0, 61, 2593, 2587, 244, 11.07%, 1, 0, 2, 14.54
1464053951, 0, 61, 2598, 2592, 244, 11.07%, 1, 0, 2, 1.75
1464053966, 0, 61, 2599, 2593, 244, 11.07%, 1, 0, 2, 28.73
1464053986, 0, 94, 2599, 2593, 244, 11.07%, 1, 0, 2, 636.54
1464054146, 0, 104, 2599, 2592, 243, 11.07%, 1, 0, 2, 777.68
1464054253, 0, 104, 2600, 2593, 243, 11.07%, 1, 0, 2, 71.20
1464054952, 0, 111, 2600, 2592, 242, 11.07%, 1, 0, 2, 1936.50
1464055604, 0, 113, 2600, 2591, 241, 11.07%, 1, 0, 2, 1133.74
1464055670, 0, 113, 2601, 2592, 241, 11.07%, 1, 0, 2, 12.22
1464055926, 0, 113, 2602, 2593, 241, 11.07%, 1, 0, 2, 7.68
1464056115, 0, 117, 2602, 2592, 240, 11.07%, 1, 0, 2, 3347.69
1464056219, 0, 117, 2603, 2593, 240, 11.07%, 1, 0, 2, 1.91
1464056625, 0, 117, 2607, 2596, 239, 11.07%, 1, 0, 2, 9.82
1464056630, 0, 117, 2611, 2600, 239, 11.07%, 1, 0, 2, 1.66
1464056640, 0, 130, 2612, 2601, 239, 11.07%, 1, 0, 2, 18.37
1464056781, 0, 171, 2612, 2600, 238, 11.07%, 1, 0, 2, 109.83
1464057073, 0, 173, 2612, 2599, 237, 11.07%, 1, 0, 2, 758.79
1464057769, 0, 188, 2612, 2598, 236, 11.07%, 1, 0, 2, 3039.30
1464058045, 0, 197, 2612, 2597, 235, 11.07%, 1, 0, 2, 1611.39
1464058251, 0, 197, 2613, 2598, 235, 11.07%, 1, 0, 2, 72.64
1464058380, 0, 197, 2618, 2602, 234, 11.07%, 1, 0, 2, 10.77
1464058386, 0, 201, 2618, 2602, 234, 11.07%, 1, 0, 2, 32.87
1464058479, 0, 203, 2618, 2601, 233, 11.07%, 1, 0, 2, 163.23
1464058540, 0, 217, 2618, 2600, 232, 11.07%, 1, 0, 2, 533.93
1464058905, 0, 221, 2618, 2599, 231, 11.07%, 1, 0, 2, 546.60
1464059421, 0, 222, 2618, 2598, 230, 11.07%, 1, 0, 2, 898.53
1464059669, 0, 229, 2621, 2600, 229, 11.07%, 1, 0, 2, 159.86
1464059685, 0, 229, 2622, 2601, 229, 11.07%, 1, 0, 2, 6.33
1464059793, 0, 236, 2622, 2600, 228, 11.07%, 1, 0, 2, 1364.77
1464059927, 0, 239, 2622, 2599, 227, 11.07%, 1, 0, 2, 1668.84
1464060187, 0, 241, 2622, 2598, 226, 11.07%, 1, 0, 2, 1359.73
1464060350, 0, 243, 2622, 2597, 225, 11.07%, 1, 0, 2, 1392.78
1464060662, 0, 249, 2625, 2599, 224, 11.07%, 1, 0, 2, 300.36
1464060678, 0, 262, 2625, 2598, 223, 11.07%, 1, 0, 2, 1518.03
1464060718, 0, 270, 2625, 2597, 223, 11.07%, 1, 0, 2, 1019.77
1464060811, 0, 276, 2625, 2596, 222, 11.07%, 1, 0, 2, 1304.91
1464060979, 0, 279, 2625, 2595, 221, 11.07%, 1, 0, 2, 1557.38
1464061106, 0, 280, 2625, 2594, 220, 11.07%, 1, 0, 2, 135.89
1464061308, 0, 281, 2625, 2593, 219, 11.07%, 1, 0, 2, 232.85
1464061426, 0, 289, 2625, 2592, 218, 11.07%, 1, 0, 2, 264.32
1464061477, 0, 297, 2626, 2592, 217, 11.07%, 1, 0, 2, 1701.17
1464061666, 0, 301, 2626, 2591, 216, 11.07%, 1, 0, 2, 391.86
1464061717, 0, 304, 2626, 2590, 215, 11.07%, 1, 0, 2, 484.39
1464062133, 0, 318, 2626, 2589, 214, 11.07%, 1, 0, 2, 1335.81
1464062338, 0, 323, 2626, 2588, 213, 11.07%, 1, 0, 2, 1137.19
1464062523, 0, 335, 2626, 2587, 212, 11.07%, 1, 0, 2, 163.39
1464063105, 0, 348, 2626, 2586, 211, 11.07%, 1, 0, 2, 133.60
1464063131, 0, 350, 2628, 2587, 210, 11.07%, 1, 0, 2, 21.75
1464063198, 0, 356, 2628, 2586, 209, 11.07%, 1, 0, 2, 1132.61
1464063316, 0, 372, 2628, 2585, 208, 11.07%, 1, 0, 2, 1055.00
1464063604, 0, 378, 2628, 2584, 207, 11.07%, 1, 0, 2, 1010.27
1464063718, 0, 379, 2628, 2583, 206, 11.07%, 1, 0, 2, 1086.18
1464063765, 0, 379, 2629, 2584, 206, 11.07%, 1, 0, 2, 4.66
1464064100, 0, 382, 2630, 2584, 205, 11.07%, 1, 0, 2, 1234.07
1464064624, 0, 383, 2630, 2583, 204, 11.07%, 1, 0, 2, 1135.00
1464064695, 0, 392, 2630, 2582, 203, 11.07%, 1, 0, 2, 4170.76
1464064757, 0, 392, 2631, 2583, 203, 11.07%, 1, 0, 2, 6.09
1464065166, 0, 393, 2631, 2582, 202, 11.07%, 1, 0, 2, 26.81
1464065325, 0, 399, 2631, 2581, 201, 11.07%, 1, 0, 2, 11.83
1464065376, 0, 399, 2632, 2581, 200, 11.07%, 1, 0, 2, 5.52
1464065381, 0, 410, 2632, 2581, 200, 11.07%, 1, 0, 2, 262.72
1464066052, 0, 453, 2632, 2580, 199, 11.07%, 1, 0, 2, 258.38
1464066282, 0, 461, 2632, 2579, 198, 11.07%, 1, 0, 2, 767.37
1464066446, 0, 466, 2632, 2578, 197, 11.07%, 1, 0, 2, 320.89
1464066723, 0, 469, 2632, 2577, 197, 11.07%, 1, 0, 2, 576.39
1464067273, 0, 478, 2632, 2576, 196, 11.07%, 1, 0, 2, 233.29
1464067519, 0, 480, 2632, 2575, 195, 11.07%, 1, 0, 2, 62.08
1464067550, 0, 483, 2632, 2574, 194, 11.07%, 1, 0, 2, 1253.42
1464067910, 0, 487, 2632, 2573, 193, 11.07%, 1, 0, 2, 136.30
1464068102, 0, 491, 2632, 2572, 192, 11.07%, 1, 0, 2, 115.61
1464068336, 0, 505, 2633, 2572, 191, 11.07%, 1, 0, 2, 1056.56
1464068434, 0, 513, 2633, 2571, 190, 11.07%, 1, 0, 2, 70.87
1464068464, 0, 521, 2633, 2570, 189, 11.07%, 1, 0, 2, 649.95
1464068700, 0, 525, 2633, 2569, 188, 11.07%, 1, 0, 2, 134.01
1464068946, 0, 529, 2633, 2568, 187, 11.07%, 1, 0, 2, 1979.70
1464069093, 0, 536, 2633, 2567, 186, 11.07%, 1, 0, 2, 207.29
1464069247, 0, 551, 2633, 2566, 185, 11.07%, 1, 0, 2, 25.38
1464069273, 0, 557, 2633, 2565, 184, 11.07%, 1, 0, 2, 277.99
1464069323, 0, 557, 2633, 2565, 184, 11.07%, 2, 0, 2, 108.65
1464069333, 0, 557, 2633, 2565, 184, 11.07%, 4, 0, 2, 299.91
1464069766, 0, 569, 2633, 2564, 183, 11.07%, 4, 0, 2, 242.90
1464069884, 0, 599, 2633, 2563, 182, 11.07%, 4, 0, 2, 484.03
1464069956, 0, 599, 2634, 2563, 182, 11.07%, 4, 0, 2, 541.38
1464069961, 0, 627, 2634, 2563, 182, 11.07%, 4, 0, 2, 95.01
1464070166, 0, 629, 2634, 2562, 182, 11.07%, 4, 0, 2, 300.49
1464070233, 0, 629, 2635, 2563, 182, 11.07%, 4, 0, 2, 7.14
1464070243, 0, 629, 2636, 2564, 182, 11.07%, 4, 0, 2, 7.13
1464070806, 0, 631, 2636, 2563, 182, 11.07%, 4, 0, 2, 328.38
1464071112, 0, 631, 2637, 2564, 182, 11.07%, 4, 0, 2, 11.45
1464071557, 0, 637, 2637, 2563, 181, 11.07%, 4, 0, 2, 87.77
1464071598, 0, 638, 2637, 2562, 180, 11.07%, 4, 0, 2, 1674.95
1464071649, 0, 649, 2637, 2561, 179, 11.07%, 4, 0, 2, 63.08
1464071879, 0, 654, 2637, 2560, 179, 11.07%, 4, 0, 2, 175.54
1464072017, 0, 671, 2637, 2559, 178, 11.07%, 4, 0, 2, 1568.59
1464072187, 0, 677, 2637, 2558, 177, 11.07%, 4, 0, 2, 393.24
1464072623, 0, 685, 2637, 2557, 176, 11.07%, 4, 0, 2, 340.53
1464072915, 0, 703, 2637, 2556, 175, 11.07%, 4, 0, 2, 742.23
1464072961, 0, 710, 2637, 2555, 174, 11.07%, 4, 0, 2, 1476.81
1464073315, 0, 715, 2637, 2554, 173, 11.07%, 4, 0, 2, 376.63
1464073517, 0, 725, 2637, 2553, 172, 11.07%, 4, 0, 2, 569.35
1464073773, 0, 726, 2637, 2552, 171, 11.07%, 4, 0, 2, 2483.69
1464074262, 0, 743, 2637, 2551, 171, 11.07%, 4, 0, 2, 356.51
1464074292, 0, 746, 2637, 2550, 170, 11.07%, 5, 0, 2, 641.55
1464074425, 0, 747, 2637, 2549, 169, 11.07%, 5, 0, 2, 2076.33
1464074528, 0, 751, 2637, 2548, 168, 11.07%, 5, 0, 2, 1178.69
1464074660, 0, 761, 2637, 2547, 167, 11.07%, 5, 0, 2, 2818.53
1464074793, 0, 763, 2637, 2546, 166, 11.07%, 5, 0, 2, 1122.08
1464074880, 0, 765, 2637, 2545, 165, 11.07%, 5, 0, 2, 1641.00
1464075148, 0, 766, 2637, 2544, 165, 11.07%, 5, 0, 2, 245.06
1464075271, 0, 779, 2637, 2543, 164, 11.07%, 5, 0, 2, 116.24
1464075455, 0, 786, 2637, 2542, 164, 11.07%, 5, 0, 2, 92.09
1464075665, 0, 796, 2637, 2541, 163, 11.07%, 5, 0, 2, 212.56
1464075895, 0, 804, 2637, 2540, 162, 11.07%, 5, 0, 2, 3349.89
1464076002, 0, 807, 2637, 2539, 161, 11.07%, 5, 0, 2, 2820.19
1464076491, 0, 817, 2637, 2538, 160, 11.07%, 5, 0, 2, 916.87
1464076522, 0, 817, 2637, 2538, 160, 11.07%, 6, 0, 2, 2.40
1464076615, 0, 821, 2637, 2537, 159, 11.07%, 6, 0, 2, 223.21
1464077014, 0, 823, 2637, 2536, 158, 11.07%, 6, 0, 2, 491.24
1464077219, 0, 836, 2637, 2535, 157, 11.07%, 6, 0, 2, 364.54
1464077574, 0, 842, 2637, 2534, 156, 11.07%, 6, 0, 2, 1720.74
1464077851, 0, 845, 2637, 2533, 155, 11.07%, 6, 0, 2, 141.30
1464078324, 0, 849, 2637, 2532, 154, 11.07%, 6, 0, 2, 73.44
1464078590, 0, 852, 2637, 2531, 153, 11.07%, 6, 0, 2, 611.09
1464078666, 0, 861, 2637, 2530, 152, 11.07%, 6, 0, 2, 385.55
1464078784, 0, 875, 2637, 2529, 152, 11.07%, 6, 0, 2, 64.28
1464078939, 0, 875, 2637, 2529, 152, 11.07%, 7, 0, 2, 2.43
1464079048, 0, 886, 2637, 2528, 151, 11.07%, 7, 0, 2, 82.67
1464079300, 0, 888, 2637, 2527, 150, 11.07%, 7, 0, 2, 212.35
1464079526, 0, 906, 2637, 2526, 149, 11.07%, 7, 0, 2, 1804.32
1464079690, 0, 908, 2637, 2525, 148, 11.07%, 7, 0, 2, 826.27
1464080028, 0, 911, 2637, 2524, 147, 11.07%, 7, 0, 2, 954.50
1464080187, 0, 917, 2637, 2523, 146, 11.07%, 7, 0, 2, 119.76
1464080478, 0, 919, 2637, 2522, 145, 11.07%, 7, 0, 2, 56.90
1464080508, 0, 934, 2637, 2521, 144, 11.07%, 7, 0, 2, 191.09
1464080979, 0, 937, 2637, 2520, 143, 11.07%, 7, 0, 2, 66.22
1464081133, 0, 945, 2637, 2519, 143, 11.07%, 7, 0, 2, 1567.16
1464081350, 0, 947, 2637, 2518, 142, 11.07%, 7, 0, 2, 1803.61
1464081569, 0, 955, 2637, 2517, 141, 11.07%, 7, 0, 2, 610.00
1464081615, 0, 974, 2637, 2516, 140, 11.07%, 7, 0, 2, 684.75
1464082291, 0, 976, 2637, 2515, 139, 11.07%, 7, 0, 2, 752.04
1464082570, 0, 981, 2637, 2514, 138, 11.07%, 7, 0, 2, 496.43
1464082964, 0, 1014, 2637, 2513, 137, 11.07%, 7, 0, 2, 458.83
1464083102, 0, 1020, 2637, 2512, 136, 11.07%, 7, 0, 2, 282.56
1464083309, 0, 1020, 2637, 2512, 136, 11.07%, 8, 0, 2, 2.40
1464083597, 0, 1037, 2637, 2511, 135, 11.07%, 8, 0, 2, 1010.44
1464083756, 0, 1039, 2637, 2510, 134, 11.07%, 8, 0, 2, 656.33
1464084171, 0, 1042, 2637, 2509, 133, 11.07%, 8, 0, 2, 1951.61
1464084403, 0, 1057, 2637, 2508, 132, 11.07%, 8, 0, 2, 2117.20
1464084614, 0, 1060, 2637, 2507, 132, 11.07%, 8, 0, 2, 310.61
1464085029, 0, 1075, 2637, 2506, 131, 11.07%, 8, 0, 2, 92.61
1464085086, 0, 1083, 2637, 2505, 130, 11.07%, 8, 0, 2, 1221.07
1464085168, 0, 1087, 2637, 2504, 129, 11.07%, 8, 0, 2, 855.80
1464085413, 0, 1089, 2637, 2503, 128, 11.07%, 8, 0, 2, 131.58
1464085500, 0, 1094, 2637, 2502, 127, 11.07%, 8, 0, 2, 352.27
1464085562, 0, 1102, 2637, 2501, 126, 11.07%, 8, 0, 2, 341.82
1464085951, 0, 1103, 2637, 2500, 125, 11.07%, 8, 0, 2, 899.76
1464086156, 0, 1105, 2637, 2499, 124, 11.07%, 8, 0, 2, 531.52
1464086576, 0, 1106, 2637, 2498, 123, 11.07%, 8, 0, 2, 229.81
1464086917, 0, 1110, 2637, 2497, 122, 11.07%, 8, 0, 2, 366.33
1464087091, 0, 1118, 2637, 2496, 121, 11.07%, 8, 0, 2, 278.44
1464087254, 0, 1127, 2637, 2495, 121, 11.07%, 8, 0, 2, 1529.80
1464087449, 0, 1136, 2637, 2494, 120, 11.07%, 8, 0, 2, 569.36
1464087531, 0, 1139, 2637, 2493, 119, 11.07%, 8, 0, 2, 81.85
1464087848, 0, 1156, 2637, 2492, 118, 11.07%, 8, 0, 2, 354.16
1464088273, 0, 1163, 2637, 2491, 117, 11.07%, 8, 0, 2, 173.49
1464088324, 0, 1175, 2637, 2490, 116, 11.07%, 8, 0, 2, 1456.94
1464088447, 0, 1182, 2637, 2489, 115, 11.07%, 8, 0, 2, 256.40
1464088514, 0, 1186, 2637, 2488, 115, 11.07%, 8, 0, 2, 37.82
1464088677, 0, 1190, 2637, 2487, 114, 11.07%, 8, 0, 2, 444.42
1464088780, 0, 1195, 2637, 2486, 113, 11.07%, 8, 0, 2, 1330.00
1464089165, 0, 1208, 2637, 2485, 112, 11.07%, 8, 0, 2, 2137.46
1464089326, 0, 1216, 2637, 2484, 111, 11.07%, 8, 0, 2, 1197.08
1464089443, 0, 1222, 2637, 2483, 110, 11.07%, 8, 0, 2, 375.80
1464089817, 0, 1222, 2637, 2483, 110, 11.07%, 8, 1, 2, 1.10
1464089823, 0, 1222, 2637, 2483, 110, 11.07%, 8, 7, 2, 1.08
1464089829, 0, 1222, 2637, 2483, 110, 11.07%, 8, 13, 2, 1.06
1464089835, 0, 1222, 2637, 2483, 110, 11.07%, 8, 16, 2, 1.06
1464089840, 0, 1222, 2637, 2483, 110, 11.07%, 8, 21, 2, 1.05
1464089846, 0, 1222, 2637, 2483, 110, 11.07%, 8, 25, 2, 1.05
1464089852, 0, 1222, 2637, 2483, 110, 11.07%, 8, 31, 2, 1.04
1464089858, 0, 1222, 2637, 2483, 110, 11.07%, 8, 35, 2, 1.04
1464089864, 0, 1222, 2637, 2483, 110, 11.07%, 8, 39, 2, 1.04
1464089869, 0, 1222, 2637, 2483, 110, 11.07%, 8, 42, 2, 1.04
1464089875, 0, 1222, 2637, 2483, 110, 11.07%, 8, 45, 2, 1.04
1464089881, 0, 1222, 2637, 2483, 110, 11.07%, 8, 47, 2, 1.04
1464089887, 0, 1222, 2637, 2483, 110, 11.07%, 8, 49, 2, 1.04
1464089893, 0, 1222, 2637, 2483, 110, 11.07%, 8, 52, 2, 1.04
1464089898, 0, 1222, 2637, 2483, 110, 11.07%, 8, 54, 2, 1.04
1464089904, 0, 1222, 2637, 2483, 110, 11.07%, 8, 58, 2, 1.04
1464089910, 0, 1222, 2637, 2483, 110, 11.07%, 8, 62, 2, 1.04
1464089916, 0, 1222, 2637, 2483, 110, 11.07%, 8, 63, 2, 1.04
1464089921, 0, 1222, 2637, 2483, 110, 11.07%, 8, 66, 2, 1.04
1464089927, 0, 1222, 2637, 2483, 110, 11.07%, 8, 68, 2, 1.04
1464089933, 0, 1222, 2637, 2483, 110, 11.07%, 8, 71, 2, 1.04
1464089939, 0, 1222, 2637, 2483, 110, 11.07%, 8, 73, 2, 1.04
1464089950, 0, 1222, 2637, 2483, 110, 11.07%, 8, 76, 2, 1.04
1464089956, 0, 1222, 2637, 2483, 110, 11.07%, 8, 77, 2, 1.04
1464089962, 0, 1222, 2637, 2483, 110, 11.07%, 8, 78, 2, 1.04
1464089973, 0, 1222, 2637, 2483, 110, 11.07%, 8, 80, 2, 1.04
1464089979, 0, 1222, 2637, 2483, 110, 11.07%, 8, 81, 2, 1.04
1464089985, 0, 1222, 2637, 2483, 110, 11.07%, 8, 83, 2, 1.04
1464089991, 0, 1222, 2637, 2483, 110, 11.07%, 8, 87, 2, 1.04
1464089997, 0, 1222, 2637, 2483, 110, 11.07%, 8, 90, 2, 1.04
1464090008, 0, 1222, 2637, 2483, 110, 11.07%, 8, 92, 2, 1.04
1464090014, 0, 1222, 2637, 2483, 110, 11.07%, 8, 95, 2, 1.04
1464090020, 0, 1222, 2637, 2483, 110, 11.07%, 8, 99, 2, 1.04
1464090026, 0, 1222, 2637, 2483, 110, 11.07%, 8, 100, 2, 1.04
1464090031, 0, 1222, 2637, 2483, 110, 11.07%, 8, 102, 2, 1.04
1464090037, 0, 1222, 2637, 2483, 110, 11.07%, 8, 104, 2, 1.04
1464090043, 0, 1222, 2637, 2483, 110, 11.07%, 8, 105, 2, 1.04
1464090049, 0, 1222, 2637, 2483, 110, 11.07%, 8, 107, 2, 1.04
1464090054, 0, 1222, 2637, 2483, 110, 11.07%, 8, 109, 2, 1.04
1464090167, 0, 1225, 2637, 2482, 109, 11.07%, 8, 109, 2, 871.50
1464090443, 0, 1234, 2637, 2481, 108, 11.07%, 8, 109, 2, 74.34
1464090483, 0, 1241, 2637, 2480, 107, 11.07%, 8, 109, 2, 1086.08
1464090524, 0, 1244, 2637, 2479, 106, 11.07%, 8, 109, 2, 452.37
1464090550, 0, 1249, 2637, 2478, 105, 11.07%, 8, 109, 2, 424.97
1464090687, 0, 1253, 2637, 2477, 104, 11.07%, 8, 109, 2, 306.86
1464090805, 0, 1271, 2637, 2476, 103, 11.07%, 8, 109, 2, 111.82
1464090912, 0, 1271, 2637, 2476, 103, 11.07%, 9, 109, 2, 19.86
1464091040, 0, 1275, 2637, 2475, 102, 11.07%, 9, 109, 2, 2177.54
1464091165, 0, 1280, 2637, 2474, 101, 11.07%, 9, 109, 2, 4.31
1464091338, 0, 1292, 2637, 2473, 100, 11.07%, 9, 109, 2, 495.27
1464091491, 0, 1306, 2637, 2472, 99, 11.07%, 9, 109, 2, 161.15
1464091584, 0, 1312, 2638, 2472, 99, 11.07%, 9, 109, 2, 2375.00
1464091693, 0, 1327, 2638, 2471, 98, 11.07%, 9, 109, 2, 134.79
1464092099, 0, 1346, 2638, 2470, 97, 11.07%, 9, 109, 2, 454.43
1464092165, 0, 1350, 2638, 2469, 96, 11.07%, 9, 109, 2, 103.54
1464092277, 0, 1364, 2638, 2468, 95, 11.07%, 9, 109, 2, 431.14
1464092759, 0, 1372, 2638, 2467, 94, 11.07%, 9, 109, 2, 495.52
1464093021, 0, 1375, 2638, 2466, 93, 11.07%, 9, 109, 2, 710.46
1464093135, 0, 1375, 2638, 2466, 93, 11.07%, 10, 109, 2, 2.61
1464093212, 0, 1399, 2638, 2465, 92, 11.07%, 10, 109, 2, 732.26
1464093959, 0, 1401, 2638, 2464, 91, 11.07%, 10, 109, 2, 42.19
1464094194, 0, 1421, 2638, 2463, 91, 11.07%, 10, 109, 2, 709.78
1464094230, 0, 1438, 2638, 2462, 90, 11.07%, 10, 109, 2, 231.72
1464094460, 0, 1440, 2638, 2461, 89, 11.07%, 10, 109, 2, 199.00
1464094706, 0, 1456, 2638, 2460, 88, 11.07%, 10, 109, 2, 124.20
1464094788, 0, 1474, 2638, 2459, 87, 11.07%, 10, 109, 2, 137.60
1464094959, 0, 1474, 2638, 2459, 87, 11.07%, 11, 109, 2, 2.60
1464095248, 0, 1475, 2638, 2458, 86, 11.07%, 11, 109, 2, 204.54
1464095385, 0, 1485, 2639, 2458, 85, 11.07%, 11, 109, 2, 678.47
1464095595, 0, 1487, 2639, 2457, 84, 11.07%, 11, 109, 2, 147.99
1464095950, 0, 1497, 2639, 2456, 83, 11.07%, 11, 109, 2, 222.33
1464096328, 0, 1521, 2639, 2455, 82, 11.07%, 11, 109, 2, 211.67
1464096492, 0, 1531, 2639, 2454, 82, 11.07%, 11, 109, 2, 123.17
1464096811, 0, 1538, 2639, 2453, 81, 11.07%, 11, 109, 2, 71.08
1464097110, 0, 1546, 2639, 2452, 80, 11.07%, 11, 109, 2, 472.81
1464097428, 0, 1553, 2639, 2451, 79, 11.07%, 11, 109, 2, 708.03
1464097516, 0, 1555, 2639, 2450, 78, 11.07%, 11, 109, 2, 198.73
1464097756, 0, 1556, 2639, 2449, 78, 11.07%, 11, 109, 2, 744.52
1464097941, 0, 1573, 2641, 2450, 77, 11.07%, 11, 109, 2, 856.69
1464098457, 0, 1620, 2641, 2449, 76, 11.07%, 11, 109, 2, 701.88
1464098610, 0, 1620, 2641, 2449, 76, 11.07%, 12, 109, 2, 443.99
1464098692, 0, 1677, 2641, 2448, 75, 11.07%, 12, 109, 2, 109.57
1464098867, 0, 1687, 2641, 2447, 74, 11.07%, 12, 109, 2, 22.87
1464099051, 0, 1693, 2641, 2446, 74, 11.07%, 12, 109, 2, 99.23
