# unix_time, cycles_done, cur_path, paths_total, pending_total, pending_favs, map_size, unique_crashes, unique_hangs, max_depth, execs_per_sec
1464052606, 0, 0, 1689, 1689, 246, 11.05%, 0, 0, 1, 101.91
1464052611, 0, 1, 1690, 1690, 246, 11.05%, 0, 0, 2, 568.77
1464052616, 0, 1, 1691, 1691, 246, 11.05%, 0, 0, 2, 716.32
1464052626, 0, 1, 1704, 1704, 246, 11.05%, 0, 0, 2, 1021.35
1464052631, 0, 1, 1708, 1708, 246, 11.05%, 0, 0, 2, 788.80
1464052636, 0, 1, 1712, 1712, 246, 11.05%, 0, 0, 2, 728.03
1464052642, 0, 1, 1716, 1716, 246, 11.05%, 0, 0, 2, 697.76
1464052647, 0, 1, 1720, 1720, 246, 11.05%, 0, 0, 2, 709.25
1464052652, 0, 1, 1721, 1721, 246, 11.05%, 0, 0, 2, 688.04
1464052657, 0, 1, 1723, 1723, 246, 11.05%, 0, 0, 2, 769.05
1464052662, 0, 1, 1728, 1728, 246, 11.05%, 0, 0, 2, 376.00
1464052667, 0, 1, 1729, 1729, 246, 11.05%, 0, 0, 2, 370.44
1464052672, 0, 1, 1735, 1735, 246, 11.05%, 0, 0, 2, 329.04
1464052682, 0, 1, 1737, 1737, 246, 11.05%, 0, 0, 2, 346.47
1464052687, 0, 1, 1739, 1739, 246, 11.05%, 0, 0, 2, 348.00
1464052703, 0, 1, 1749, 1749, 246, 11.05%, 0, 0, 2, 402.06
1464052708, 0, 1, 1755, 1755, 246, 11.05%, 0, 0, 2, 386.39
1464052713, 0, 1, 1759, 1759, 246, 11.05%, 0, 0, 2, 395.29
1464052718, 0, 1, 1763, 1763, 246, 11.05%, 0, 0, 2, 405.39
1464052723, 0, 1, 1765, 1765, 246, 11.05%, 0, 0, 2, 388.06
1464052728, 0, 1, 1766, 1766, 246, 11.05%, 0, 0, 2, 392.47
1464052733, 0, 1, 1775, 1775, 246, 11.05%, 0, 0, 2, 568.39
1464052738, 0, 1, 1778, 1778, 246, 11.05%, 0, 0, 2, 670.21
1464052749, 0, 1, 1779, 1779, 246, 11.05%, 0, 0, 2, 663.93
1464052754, 0, 1, 1796, 1795, 245, 11.06%, 0, 0, 2, 5.98
1464052759, 0, 1, 1828, 1827, 245, 11.06%, 0, 0, 2, 24.46
1464052764, 0, 1, 1868, 1867, 245, 11.06%, 0, 0, 2, 45.58
1464052769, 0, 1, 1892, 1891, 245, 11.07%, 0, 0, 2, 60.06
1464052775, 0, 1, 1910, 1909, 245, 11.07%, 0, 0, 2, 17.99
1464052780, 0, 1, 1947, 1946, 245, 11.07%, 0, 0, 2, 140.59
1464052785, 0, 1, 1971, 1970, 245, 11.07%, 0, 0, 2, 52.82
1464052790, 0, 1, 2001, 2000, 245, 11.07%, 0, 0, 2, 9.47
1464052795, 0, 1, 2020, 2019, 245, 11.07%, 0, 0, 2, 38.92
1464052800, 0, 1, 2047, 2046, 245, 11.07%, 0, 0, 2, 31.96
1464052805, 0, 1, 2067, 2066, 245, 11.07%, 0, 0, 2, 11.68
1464052810, 0, 1, 2093, 2092, 245, 11.07%, 0, 0, 2, 31.65
1464052816, 0, 1, 2114, 2113, 245, 11.07%, 0, 0, 2, 9.01
1464052821, 0, 1, 2140, 2139, 245, 11.07%, 0, 0, 2, 1.81
1464052826, 0, 1, 2151, 2150, 245, 11.07%, 0, 0, 2, 2.44
1464052831, 0, 1, 2181, 2180, 245, 11.07%, 0, 0, 2, 18.65
1464052836, 0, 1, 2212, 2211, 245, 11.07%, 0, 0, 2, 34.83
1464052841, 0, 1, 2238, 2237, 245, 11.07%, 0, 0, 2, 34.42
1464052847, 0, 1, 2252, 2251, 245, 11.07%, 0, 0, 2, 15.60
1464052852, 0, 1, 2273, 2272, 245, 11.07%, 0, 0, 2, 3.73
1464052857, 0, 1, 2296, 2295, 245, 11.07%, 0, 0, 2, 59.43
1464052862, 0, 1, 2326, 2325, 245, 11.07%, 0, 0, 2, 34.59
1464052867, 0, 1, 2353, 2352, 245, 11.07%, 0, 0, 2, 49.84
1464052872, 0, 1, 2371, 2370, 245, 11.07%, 0, 0, 2, 2.59
1464052877, 0, 1, 2400, 2399, 245, 11.07%, 0, 0, 2, 3.78
1464052883, 0, 1, 2422, 2421, 245, 11.07%, 0, 0, 2, 10.20
1464052888, 0, 1, 2451, 2450, 245, 11.07%, 0, 0, 2, 5.86
1464052893, 0, 1, 2478, 2477, 245, 11.07%, 0, 0, 2, 8.93
1464052898, 0, 1, 2503, 2502, 245, 11.07%, 0, 0, 2, 101.18
1464052903, 0, 1, 2518, 2517, 245, 11.07%, 0, 0, 2, 121.74
1464052908, 0, 1, 2533, 2532, 245, 11.07%, 0, 0, 2, 82.73
1464052913, 0, 1, 2536, 2535, 245, 11.07%, 0, 0, 2, 81.71
1464052919, 0, 1, 2540, 2539, 245, 11.07%, 0, 0, 2, 3.71
1464052924, 0, 1, 2545, 2544, 245, 11.07%, 0, 0, 2, 90.68
1464052929, 0, 1, 2550, 2549, 245, 11.07%, 0, 0, 2, 147.37
1464052934, 0, 1, 2552, 2551, 245, 11.07%, 0, 0, 2, 70.69
1464052939, 0, 1, 2555, 2554, 245, 11.07%, 0, 0, 2, 77.86
1464052944, 0, 1, 2561, 2560, 245, 11.07%, 0, 0, 2, 102.92
1464052949, 0, 1, 2565, 2564, 245, 11.07%, 0, 0, 2, 55.49
1464052954, 0, 1, 2566, 2565, 245, 11.07%, 0, 0, 2, 88.17
1464052959, 0, 1, 2568, 2567, 245, 11.07%, 0, 0, 2, 67.28
1464052970, 0, 1, 2569, 2568, 245, 11.07%, 0, 0, 2, 98.48
1464052990, 0, 1, 2570, 2569, 245, 11.07%, 0, 0, 2, 53.13
1464053005, 0, 1, 2572, 2571, 245, 11.07%, 0, 0, 2, 79.52
1464053010, 0, 1, 2573, 2572, 245, 11.07%, 0, 0, 2, 53.91
1464053046, 0, 1, 2575, 2574, 245, 11.07%, 0, 0, 2, 81.69
1464053072, 0, 1, 2576, 2575, 245, 11.07%, 0, 0, 2, 77.30
1464053130, 0, 1, 2577, 2576, 245, 11.07%, 0, 0, 2, 132.25
1464053140, 0, 8, 2577, 2576, 249, 11.07%, 0, 0, 2, 36.32
1464053217, 0, 12, 2577, 2575, 248, 11.07%, 0, 0, 2, 90.75
1464053320, 0, 25, 2577, 2574, 247, 11.07%, 0, 0, 2, 191.82
1464053361, 0, 41, 2577, 2573, 246, 11.07%, 0, 0, 2, 2491.44
1464053479, 0, 56, 2577, 2572, 245, 11.07%, 0, 0, 2, 1826.33
1464053536, 0, 56, 2578, 2573, 245, 11.07%, 0, 0, 2, 485.67
1464053617, 0, 56, 2579, 2574, 245, 11.07%, 0, 0, 2, 21.49
1464053770, 0, 56, 2580, 2575, 245, 11.07%, 0, 0, 2, 319.67
1464053775, 0, 56, 2581, 2576, 245, 11.07%, 0, 0, 2, 271.62
1464053780, 0, 56, 2582, 2577, 245, 11.07%, 0, 0, 2, 265.65
1464053826, 0, 56, 2583, 2578, 245, 11.07%, 0, 0, 2, 1236.11
1464053837, 0, 56, 2586, 2580, 244, 11.07%, 0, 0, 2, 23.81
1464053842, 0, 56, 2587, 2581, 244, 11.07%, 0, 0, 2, 40.53
1464053847, 0, 56, 2588, 2582, 244, 11.07%, 0, 0, 2, 30.01
1464053867, 0, 59, 2588, 2582, 244, 11.07%, 0, 0, 2, 939.75
1464054052, 0, 92, 2588, 2581, 243, 11.07%, 0, 0, 2, 701.01
1464054360, 0, 92, 2588, 2581, 243, 11.07%, 0, 1, 2, 1.85
1464054365, 0, 92, 2588, 2581, 243, 11.07%, 0, 2, 2, 1.80
1464054376, 0, 92, 2588, 2581, 243, 11.07%, 0, 3, 2, 1.72
1464055033, 0, 97, 2588, 2580, 242, 11.07%, 1, 3, 2, 1586.35
1464055275, 0, 104, 2588, 2579, 241, 11.07%, 1, 3, 2, 1001.18
1464055694, 0, 110, 2588, 2578, 240, 11.07%, 1, 3, 2, 2291.60
1464056016, 0, 110, 2588, 2578, 240, 11.07%, 2, 3, 2, 1912.43
1464056139, 0, 110, 2589, 2578, 239, 11.07%, 2, 3, 2, 6.85
1464056144, 0, 110, 2597, 2586, 239, 11.07%, 2, 3, 2, 14.71
1464056149, 0, 112, 2598, 2587, 239, 11.07%, 2, 3, 2, 1519.56
1464056333, 0, 116, 2598, 2586, 238, 11.07%, 2, 3, 2, 163.69
1464056569, 0, 127, 2598, 2585, 237, 11.07%, 2, 3, 2, 630.66
1464057087, 0, 128, 2598, 2584, 236, 11.07%, 2, 3, 2, 897.73
1464058047, 0, 129, 2598, 2583, 236, 11.07%, 2, 3, 2, 927.81
1464058257, 0, 129, 2602, 2586, 235, 11.07%, 2, 3, 2, 2.08
1464058262, 0, 129, 2604, 2588, 235, 11.07%, 2, 3, 2, 5.44
1464058269, 0, 130, 2605, 2589, 235, 11.07%, 2, 3, 2, 13.26
1464058356, 0, 133, 2605, 2588, 234, 11.07%, 2, 3, 2, 33.50
1464058598, 0, 169, 2605, 2587, 234, 11.07%, 2, 3, 2, 13.93
1464058951, 0, 171, 2605, 2586, 233, 11.07%, 2, 3, 2, 1120.37
1464059400, 0, 181, 2605, 2585, 232, 11.07%, 2, 3, 2, 643.15
1464059944, 0, 181, 2611, 2590, 231, 11.07%, 2, 3, 2, 10.66
1464059949, 0, 185, 2611, 2590, 231, 11.07%, 2, 3, 2, 384.08
1464060189, 0, 193, 2611, 2589, 230, 11.07%, 2, 3, 2, 2728.50
1464060194, 0, 193, 2612, 2590, 230, 11.07%, 2, 3, 2, 2708.63
1464060535, 0, 198, 2612, 2589, 229, 11.07%, 2, 3, 2, 3179.35
1464060854, 0, 200, 2612, 2588, 228, 11.07%, 2, 3, 2, 1722.69
1464060972, 0, 200, 2613, 2589, 228, 11.07%, 2, 3, 2, 63.62
1464060987, 0, 214, 2613, 2588, 227, 11.07%, 2, 3, 2, 971.13
1464061161, 0, 218, 2614, 2588, 226, 11.07%, 2, 3, 2, 4445.47
1464061314, 0, 219, 2614, 2587, 225, 11.07%, 2, 3, 2, 2570.20
1464061488, 0, 225, 2614, 2586, 224, 11.07%, 2, 3, 2, 61.52
1464061611, 0, 231, 2614, 2585, 223, 11.07%, 2, 3, 2, 2986.22
1464062039, 0, 234, 2614, 2584, 222, 11.07%, 2, 3, 2, 2077.04
1464062446, 0, 236, 2615, 2584, 221, 11.07%, 2, 3, 2, 833.25
1464063851, 0, 238, 2615, 2583, 220, 11.07%, 2, 3, 2, 2414.61
1464064231, 0, 239, 2615, 2582, 219, 11.07%, 2, 3, 2, 2028.32
1464064836, 0, 244, 2615, 2581, 218, 11.07%, 2, 3, 2, 80.61
1464065078, 0, 260, 2615, 2580, 217, 11.07%, 2, 3, 2, 3306.02
1464065216, 0, 260, 2618, 2582, 216, 11.07%, 2, 3, 2, 18.64
1464065221, 0, 266, 2620, 2584, 216, 11.07%, 2, 3, 2, 2184.71
1464065359, 0, 271, 2620, 2583, 215, 11.07%, 2, 3, 2, 1580.41
1464065842, 0, 274, 2620, 2582, 214, 11.07%, 2, 3, 2, 2355.33
1464066205, 0, 275, 2620, 2581, 213, 11.07%, 2, 3, 2, 389.05
1464066351, 0, 276, 2620, 2580, 212, 11.07%, 2, 3, 2, 24.76
1464066575, 0, 284, 2620, 2579, 211, 11.07%, 2, 3, 2, 194.29
1464066611, 0, 296, 2620, 2578, 210, 11.07%, 2, 3, 2, 1856.76
1464066693, 0, 312, 2620, 2577, 209, 11.07%, 2, 3, 2, 1773.07
1464067045, 0, 317, 2620, 2576, 208, 11.07%, 2, 3, 2, 1430.67
1464067722, 0, 331, 2620, 2575, 207, 11.07%, 2, 3, 2, 219.90
1464067966, 0, 346, 2621, 2575, 206, 11.07%, 2, 3, 2, 131.37
1464068027, 0, 352, 2621, 2574, 205, 11.07%, 2, 3, 2, 2381.60
1464068289, 0, 352, 2622, 2575, 205, 11.07%, 2, 3, 2, 136.75
1464068370, 0, 358, 2622, 2574, 204, 11.07%, 2, 3, 2, 404.57
1464068554, 0, 366, 2622, 2573, 203, 11.07%, 2, 3, 2, 1983.75
1464069144, 0, 373, 2622, 2572, 202, 11.07%, 2, 3, 2, 754.03
1464069486, 0, 376, 2622, 2571, 201, 11.07%, 2, 3, 2, 2781.34
1464069680, 0, 376, 2623, 2572, 201, 11.07%, 2, 3, 2, 38.14
1464069747, 0, 377, 2623, 2571, 200, 11.07%, 2, 3, 2, 1667.03
1464069993, 0, 377, 2624, 2572, 200, 11.07%, 2, 3, 2, 20.32
1464070157, 0, 386, 2624, 2571, 199, 11.07%, 2, 3, 2, 2742.08
1464070296, 0, 389, 2624, 2570, 198, 11.07%, 2, 3, 2, 4125.36
1464070532, 0, 393, 2624, 2569, 197, 11.07%, 2, 3, 2, 355.74
1464070639, 0, 394, 2624, 2568, 196, 11.07%, 2, 3, 2, 1402.37
1464070715, 0, 394, 2625, 2569, 196, 11.07%, 2, 3, 2, 23.12
1464070899, 0, 456, 2625, 2568, 195, 11.07%, 2, 3, 2, 921.01
1464071208, 0, 458, 2625, 2567, 194, 11.07%, 2, 3, 2, 1175.93
1464071356, 0, 458, 2625, 2567, 194, 11.07%, 3, 3, 2, 9.52
1464071403, 0, 458, 2625, 2567, 194, 11.07%, 3, 8, 2, 1.60
1464071408, 0, 458, 2625, 2567, 194, 11.07%, 3, 10, 2, 1.63
1464071414, 0, 458, 2625, 2567, 194, 11.07%, 3, 14, 2, 1.63
1464071419, 0, 458, 2625, 2567, 194, 11.07%, 3, 15, 2, 1.63
1464071425, 0, 458, 2625, 2567, 194, 11.07%, 3, 17, 2, 1.66
1464071446, 0, 458, 2625, 2567, 194, 11.07%, 3, 21, 2, 1.66
1464071452, 0, 458, 2625, 2567, 194, 11.07%, 3, 30, 2, 1.64
1464071457, 0, 458, 2625, 2567, 194, 11.07%, 3, 37, 2, 1.62
1464071463, 0, 458, 2625, 2567, 194, 11.07%, 3, 45, 2, 1.61
1464071469, 0, 458, 2625, 2567, 194, 11.07%, 3, 53, 2, 1.61
1464071474, 0, 458, 2625, 2567, 194, 11.07%, 3, 60, 2, 1.61
1464071480, 0, 458, 2625, 2567, 194, 11.07%, 3, 67, 2, 1.61
1464071485, 0, 458, 2625, 2567, 194, 11.07%, 3, 73, 2, 1.61
1464071491, 0, 458, 2625, 2567, 194, 11.07%, 3, 80, 2, 1.60
1464071497, 0, 458, 2625, 2567, 194, 11.07%, 3, 88, 2, 1.60
1464071502, 0, 458, 2625, 2567, 194, 11.07%, 3, 94, 2, 1.61
1464071508, 0, 458, 2625, 2567, 194, 11.07%, 3, 100, 2, 1.61
1464071513, 0, 458, 2625, 2567, 194, 11.07%, 3, 107, 2, 1.61
1464071519, 0, 458, 2625, 2567, 194, 11.07%, 3, 113, 2, 1.61
1464071524, 0, 458, 2625, 2567, 194, 11.07%, 3, 114, 2, 1.63
1464071556, 0, 458, 2625, 2567, 194, 11.07%, 3, 116, 2, 1.71
1464071561, 0, 458, 2625, 2567, 194, 11.07%, 3, 120, 2, 1.69
1464071644, 0, 458, 2625, 2567, 194, 11.07%, 3, 121, 2, 1.79
1464071650, 0, 458, 2625, 2567, 194, 11.07%, 3, 122, 2, 1.81
1464071666, 0, 458, 2625, 2567, 194, 11.07%, 3, 124, 2, 1.69
1464071672, 0, 458, 2625, 2567, 194, 11.07%, 3, 131, 2, 1.65
1464071677, 0, 458, 2625, 2567, 194, 11.07%, 3, 136, 2, 1.63
1464071683, 0, 458, 2625, 2567, 194, 11.07%, 3, 141, 2, 1.62
1464071688, 0, 458, 2625, 2567, 194, 11.07%, 3, 147, 2, 1.61
1464071694, 0, 458, 2625, 2567, 194, 11.07%, 3, 155, 2, 1.61
1464071700, 0, 458, 2625, 2567, 194, 11.07%, 3, 162, 2, 1.61
1464071705, 0, 458, 2625, 2567, 194, 11.07%, 3, 168, 2, 1.61
1464071711, 0, 458, 2625, 2567, 194, 11.07%, 3, 175, 2, 1.61
1464071716, 0, 458, 2625, 2567, 194, 11.07%, 3, 183, 2, 1.61
1464071722, 0, 458, 2625, 2567, 194, 11.07%, 3, 184, 2, 1.61
1464071754, 0, 458, 2625, 2567, 194, 11.07%, 3, 186, 2, 1.69
1464071797, 0, 458, 2625, 2567, 194, 11.07%, 3, 189, 2, 1.63
1464071803, 0, 458, 2625, 2567, 194, 11.07%, 3, 193, 2, 1.62
1464071808, 0, 458, 2625, 2567, 194, 11.07%, 3, 198, 2, 1.61
1464071893, 0, 458, 2625, 2567, 194, 11.07%, 3, 201, 2, 1.66
1464071899, 0, 458, 2625, 2567, 194, 11.07%, 3, 204, 2, 1.64
1464071904, 0, 458, 2625, 2567, 194, 11.07%, 3, 205, 2, 1.65
1464072169, 0, 458, 2625, 2567, 194, 11.07%, 3, 206, 2, 1.65
1464072175, 0, 458, 2625, 2567, 194, 11.07%, 3, 212, 2, 1.63
1464072180, 0, 458, 2625, 2567, 194, 11.07%, 3, 215, 2, 1.62
1464072201, 0, 458, 2625, 2567, 194, 11.07%, 3, 220, 2, 1.76
1464072207, 0, 458, 2625, 2567, 194, 11.07%, 3, 226, 2, 1.69
1464072213, 0, 458, 2625, 2567, 194, 11.07%, 3, 229, 2, 1.65
1464072218, 0, 458, 2625, 2567, 194, 11.07%, 3, 232, 2, 1.63
1464072224, 0, 458, 2625, 2567, 194, 11.07%, 3, 234, 2, 1.62
1464072229, 0, 458, 2625, 2567, 194, 11.07%, 3, 238, 2, 1.62
1464072235, 0, 458, 2625, 2567, 194, 11.07%, 3, 242, 2, 1.61
1464072241, 0, 458, 2625, 2567, 194, 11.07%, 3, 245, 2, 1.61
1464072246, 0, 458, 2625, 2567, 194, 11.07%, 3, 247, 2, 1.61
1464072252, 0, 458, 2625, 2567, 194, 11.07%, 3, 252, 2, 1.61
1464072257, 0, 458, 2625, 2567, 194, 11.07%, 3, 255, 2, 1.61
1464072263, 0, 458, 2625, 2567, 194, 11.07%, 3, 259, 2, 1.61
1464072391, 0, 464, 2625, 2566, 193, 11.07%, 3, 259, 2, 1003.55
1464072610, 0, 473, 2625, 2565, 192, 11.07%, 3, 259, 2, 2537.75
1464073040, 0, 473, 2626, 2565, 191, 11.07%, 3, 259, 2, 14.90
1464073045, 0, 478, 2626, 2565, 191, 11.07%, 3, 259, 2, 1982.98
1464073621, 0, 478, 2626, 2565, 191, 11.07%, 4, 259, 2, 10.06
1464073837, 0, 482, 2626, 2564, 190, 11.07%, 4, 259, 2, 126.10
1464073960, 0, 498, 2626, 2563, 189, 11.07%, 4, 259, 2, 3665.24
1464074171, 0, 519, 2626, 2562, 188, 11.07%, 4, 259, 2, 2145.10
1464075094, 0, 528, 2626, 2561, 187, 11.07%, 4, 259, 2, 156.79
1464075152, 0, 538, 2627, 2561, 186, 11.07%, 4, 259, 2, 493.42
1464075300, 0, 549, 2627, 2560, 185, 11.07%, 4, 259, 2, 1075.90
1464075535, 0, 556, 2627, 2559, 185, 11.07%, 4, 259, 2, 467.81
1464075904, 0, 590, 2627, 2558, 184, 11.07%, 4, 259, 2, 175.59
1464075950, 0, 610, 2627, 2557, 184, 11.07%, 4, 259, 2, 580.94
1464077492, 0, 616, 2627, 2556, 183, 11.07%, 4, 259, 2, 2023.10
1464077585, 0, 617, 2627, 2555, 182, 11.07%, 4, 259, 2, 331.05
1464077707, 0, 662, 2627, 2554, 181, 11.07%, 4, 259, 2, 272.76
1464078127, 0, 688, 2627, 2553, 180, 11.07%, 4, 259, 2, 896.94
1464078813, 0, 693, 2627, 2552, 179, 11.07%, 4, 259, 2, 467.09
1464078996, 0, 700, 2627, 2551, 178, 11.07%, 4, 259, 2, 1680.56
1464079366, 0, 704, 2627, 2550, 177, 11.07%, 4, 259, 2, 2159.61
1464079748, 0, 704, 2628, 2551, 177, 11.07%, 4, 259, 2, 240.14
1464079927, 0, 704, 2628, 2551, 177, 11.07%, 5, 259, 2, 25.46
1464079999, 0, 721, 2628, 2550, 176, 11.07%, 5, 259, 2, 67.06
1464080083, 0, 723, 2628, 2549, 175, 11.07%, 5, 259, 2, 496.63
1464080232, 0, 724, 2628, 2548, 174, 11.07%, 5, 259, 2, 1327.40
1464080493, 0, 725, 2628, 2547, 173, 11.07%, 5, 259, 2, 1580.80
1464080968, 0, 729, 2628, 2546, 172, 11.07%, 5, 259, 2, 765.25
1464081254, 0, 736, 2628, 2545, 171, 11.07%, 5, 259, 2, 139.06
1464081474, 0, 737, 2628, 2544, 171, 11.07%, 5, 259, 2, 2140.23
1464081737, 0, 743, 2628, 2543, 170, 11.07%, 5, 259, 2, 310.74
1464081968, 0, 760, 2628, 2542, 169, 11.07%, 5, 259, 2, 3757.50
1464082055, 0, 766, 2628, 2541, 168, 11.07%, 5, 259, 2, 225.95
1464082767, 0, 771, 2628, 2540, 167, 11.07%, 5, 259, 2, 496.39
1464082973, 0, 779, 2628, 2539, 166, 11.07%, 5, 259, 2, 71.06
1464083270, 0, 781, 2628, 2538, 165, 11.07%, 5, 259, 2, 4916.57
1464083433, 0, 782, 2628, 2537, 164, 11.07%, 5, 259, 2, 2287.70
1464083678, 0, 787, 2628, 2536, 163, 11.07%, 5, 259, 2, 1268.59
1464083813, 0, 787, 2628, 2536, 163, 11.07%, 6, 259, 2, 356.67
1464083989, 0, 792, 2628, 2535, 163, 11.07%, 6, 259, 2, 1723.77
1464084081, 0, 797, 2628, 2534, 162, 11.07%, 6, 259, 2, 282.02
1464084367, 0, 819, 2628, 2533, 161, 11.07%, 6, 259, 2, 2852.10
1464084866, 0, 823, 2628, 2532, 160, 11.07%, 6, 259, 2, 2495.54
1464084990, 0, 837, 2628, 2531, 159, 11.07%, 6, 259, 2, 26.88
1464085000, 0, 837, 2628, 2531, 159, 11.07%, 7, 259, 2, 84.21
1464085021, 0, 837, 2628, 2531, 159, 11.07%, 8, 259, 2, 28.93
1464085041, 0, 837, 2628, 2531, 159, 11.07%, 9, 259, 2, 24.24
1464085046, 0, 837, 2628, 2531, 159, 11.07%, 10, 259, 2, 25.97
1464085092, 0, 844, 2628, 2530, 158, 11.07%, 10, 259, 2, 81.64
1464085380, 0, 851, 2628, 2529, 157, 11.07%, 10, 259, 2, 1911.15
1464086764, 0, 874, 2628, 2528, 156, 11.07%, 10, 259, 2, 3921.83
1464087040, 0, 876, 2628, 2527, 155, 11.07%, 10, 259, 2, 1273.11
1464087056, 0, 876, 2628, 2527, 155, 11.07%, 10, 263, 2, 1.61
1464087061, 0, 876, 2628, 2527, 155, 11.07%, 10, 265, 2, 1.61
1464087067, 0, 876, 2628, 2527, 155, 11.07%, 10, 267, 2, 1.61
1464087078, 0, 876, 2628, 2527, 155, 11.07%, 10, 268, 2, 1.62
1464087100, 0, 876, 2628, 2527, 155, 11.07%, 10, 270, 2, 1.61
1464087111, 0, 876, 2628, 2527, 155, 11.07%, 10, 272, 2, 1.61
1464087117, 0, 876, 2628, 2527, 155, 11.07%, 10, 273, 2, 1.61
1464087139, 0, 876, 2628, 2527, 155, 11.07%, 10, 274, 2, 1.62
1464087156, 0, 876, 2628, 2527, 155, 11.07%, 10, 275, 2, 1.62
1464087172, 0, 876, 2628, 2527, 155, 11.07%, 10, 276, 2, 1.63
1464087178, 0, 876, 2628, 2527, 155, 11.07%, 10, 277, 2, 1.62
1464087189, 0, 876, 2628, 2527, 155, 11.07%, 10, 279, 2, 1.61
1464087217, 0, 876, 2628, 2527, 155, 11.07%, 10, 280, 2, 1.62
1464087222, 0, 876, 2628, 2527, 155, 11.07%, 10, 281, 2, 1.61
1464087256, 0, 876, 2628, 2527, 155, 11.07%, 10, 283, 2, 1.61
1464087267, 0, 876, 2628, 2527, 155, 11.07%, 11, 283, 2, 1.64
1464087278, 0, 876, 2628, 2527, 155, 11.07%, 11, 284, 2, 1.62
1464087295, 0, 876, 2628, 2527, 155, 11.07%, 11, 285, 2, 1.62
1464087306, 0, 876, 2628, 2527, 155, 11.07%, 11, 286, 2, 1.64
1464087334, 0, 876, 2628, 2527, 155, 11.07%, 11, 287, 2, 1.61
1464087362, 0, 876, 2628, 2527, 155, 11.07%, 11, 288, 2, 1.62
1464087378, 0, 876, 2628, 2527, 155, 11.07%, 11, 289, 2, 1.64
1464087394, 0, 876, 2628, 2527, 155, 11.07%, 12, 289, 2, 1.70
1464087427, 0, 876, 2628, 2527, 155, 11.07%, 13, 289, 2, 1.69
1464087444, 0, 876, 2628, 2527, 155, 11.07%, 13, 290, 2, 1.64
1464087488, 0, 876, 2628, 2527, 155, 11.07%, 13, 291, 2, 1.62
1464087494, 0, 876, 2628, 2527, 155, 11.07%, 13, 292, 2, 1.62
1464087499, 0, 876, 2628, 2527, 155, 11.07%, 13, 294, 2, 1.61
1464087505, 0, 876, 2628, 2527, 155, 11.07%, 13, 297, 2, 1.61
1464087510, 0, 876, 2628, 2527, 155, 11.07%, 13, 298, 2, 1.61
1464087533, 0, 876, 2628, 2527, 155, 11.07%, 13, 299, 2, 1.61
1464087594, 0, 876, 2628, 2527, 155, 11.07%, 13, 300, 2, 1.62
1464087638, 0, 876, 2628, 2527, 155, 11.07%, 13, 301, 2, 1.63
1464087832, 0, 876, 2628, 2527, 155, 11.07%, 13, 302, 2, 1.61
1464087866, 0, 876, 2628, 2527, 155, 11.07%, 13, 303, 2, 1.61
1464087871, 0, 876, 2628, 2527, 155, 11.07%, 13, 304, 2, 1.61
1464087927, 0, 876, 2628, 2527, 155, 11.07%, 13, 305, 2, 1.61
1464087961, 0, 876, 2628, 2527, 155, 11.07%, 13, 306, 2, 1.61
1464088121, 0, 887, 2628, 2526, 154, 11.07%, 13, 306, 2, 108.12
1464088275, 0, 902, 2628, 2525, 153, 11.07%, 13, 306, 2, 1814.00
1464089105, 0, 912, 2628, 2524, 152, 11.07%, 13, 306, 2, 75.05
1464089376, 0, 914, 2628, 2523, 151, 11.07%, 13, 306, 2, 745.47
1464089714, 0, 916, 2628, 2522, 150, 11.07%, 13, 306, 2, 99.43
1464090021, 0, 921, 2628, 2521, 149, 11.07%, 13, 306, 2, 369.06
1464090143, 0, 941, 2628, 2520, 148, 11.07%, 13, 306, 2, 415.00
1464091072, 0, 942, 2628, 2519, 147, 11.07%, 13, 306, 2, 404.30
1464091467, 0, 947, 2628, 2518, 146, 11.07%, 13, 306, 2, 522.09
1464091702, 0, 977, 2629, 2518, 145, 11.07%, 13, 306, 2, 1371.76
1464091978, 0, 999, 2629, 2517, 144, 11.07%, 13, 306, 2, 1850.29
1464092454, 0, 1001, 2629, 2516, 143, 11.07%, 13, 306, 2, 1513.82
1464093037, 0, 1006, 2629, 2515, 142, 11.07%, 13, 306, 2, 485.63
1464093359, 0, 1009, 2629, 2514, 141, 11.07%, 13, 306, 2, 141.55
1464093680, 0, 1020, 2629, 2513, 140, 11.07%, 13, 306, 2, 653.89
1464093690, 0, 1020, 2629, 2513, 140, 11.07%, 15, 306, 2, 464.69
1464093710, 0, 1020, 2629, 2513, 140, 11.07%, 16, 306, 2, 430.18
1464094007, 0, 1031, 2629, 2512, 139, 11.07%, 16, 306, 2, 264.17
1464094898, 0, 1035, 2629, 2511, 139, 11.07%, 16, 306, 2, 62.91
1464095098, 0, 1049, 2629, 2510, 138, 11.07%, 16, 306, 2, 150.44
1464095129, 0, 1054, 2629, 2509, 137, 11.07%, 16, 306, 2, 421.73
1464095497, 0, 1060, 2630, 2509, 136, 11.07%, 16, 306, 2, 485.23
1464096062, 0, 1061, 2630, 2508, 135, 11.07%, 16, 306, 2, 993.15
1464097007, 0, 1063, 2630, 2507, 134, 11.07%, 16, 306, 2, 615.67
1464097227, 0, 1064, 2630, 2506, 133, 11.07%, 16, 306, 2, 1151.12
1464097278, 0, 1064, 2631, 2507, 133, 11.07%, 16, 306, 2, 173.52
1464097734, 0, 1085, 2631, 2506, 132, 11.07%, 16, 306, 2, 2457.03
1464098458, 0, 1088, 2632, 2506, 131, 11.07%, 16, 306, 2, 2010.00
1464098576, 0, 1088, 2633, 2507, 131, 11.07%, 16, 306, 2, 10.21
1464099032, 0, 1095, 2633, 2506, 130, 11.07%, 16, 306, 2, 1424.18
