# unix_time, cycles_done, cur_path, paths_total, pending_total, pending_favs, map_size, unique_crashes, unique_hangs, max_depth, execs_per_sec
1464051688, 0, 443, 1751, 1751, 244, 11.05%, 0, 0, 1, 80.08
1464051693, 0, 452, 1751, 1751, 244, 11.05%, 0, 0, 1, 234.61
1464051698, 0, 452, 1762, 1762, 244, 11.05%, 0, 0, 2, 275.25
1464051703, 0, 452, 1764, 1764, 244, 11.05%, 0, 0, 2, 305.91
1464051708, 0, 452, 1765, 1765, 244, 11.05%, 0, 0, 2, 308.02
1464051713, 0, 452, 1766, 1766, 244, 11.05%, 0, 0, 2, 310.66
1464051718, 0, 452, 1770, 1770, 244, 11.05%, 0, 0, 2, 316.41
1464051723, 0, 452, 1776, 1776, 244, 11.05%, 0, 0, 2, 320.87
1464051728, 0, 452, 1778, 1778, 244, 11.05%, 0, 0, 2, 321.59
1464051733, 0, 452, 1779, 1779, 244, 11.05%, 0, 0, 2, 328.61
1464051743, 0, 452, 1780, 1780, 244, 11.05%, 0, 0, 2, 322.97
1464051748, 0, 452, 1783, 1783, 244, 11.05%, 0, 0, 2, 323.69
1464051753, 0, 452, 1785, 1785, 244, 11.05%, 0, 0, 2, 345.01
1464051789, 0, 452, 1786, 1786, 244, 11.05%, 0, 0, 2, 317.36
1464051794, 0, 452, 1787, 1787, 244, 11.05%, 0, 0, 2, 319.91
1464051799, 0, 452, 1788, 1788, 244, 11.05%, 0, 0, 2, 320.39
1464051819, 0, 452, 1789, 1789, 244, 11.05%, 0, 0, 2, 327.01
1464051865, 0, 452, 1790, 1790, 244, 11.05%, 0, 0, 2, 325.91
1464051880, 0, 452, 1791, 1791, 244, 11.05%, 0, 0, 2, 333.92
1464051941, 0, 452, 1793, 1793, 244, 11.05%, 0, 0, 2, 376.68
1464051951, 0, 452, 1794, 1794, 244, 11.05%, 0, 0, 2, 180.85
1464051961, 0, 452, 1796, 1796, 244, 11.05%, 0, 0, 2, 144.27
1464051966, 0, 452, 1801, 1801, 244, 11.05%, 0, 0, 2, 121.42
1464051971, 0, 452, 1802, 1802, 244, 11.05%, 0, 0, 2, 114.23
1464051976, 0, 452, 1803, 1803, 244, 11.05%, 0, 0, 2, 122.15
1464051982, 0, 452, 1805, 1805, 244, 11.05%, 0, 0, 2, 117.16
1464051987, 0, 452, 1807, 1807, 244, 11.05%, 0, 0, 2, 118.22
1464051997, 0, 452, 1808, 1808, 244, 11.05%, 0, 0, 2, 115.55
1464052007, 0, 452, 1810, 1810, 244, 11.05%, 0, 0, 2, 118.25
1464052018, 0, 452, 1811, 1811, 244, 11.05%, 0, 0, 2, 153.35
1464052023, 0, 452, 1812, 1812, 244, 11.05%, 0, 0, 2, 159.97
1464052028, 0, 452, 1813, 1813, 244, 11.05%, 0, 0, 2, 250.86
1464052033, 0, 452, 1814, 1814, 244, 11.05%, 0, 0, 2, 216.17
1464052038, 0, 452, 1815, 1815, 244, 11.05%, 0, 0, 2, 33.10
1464052043, 0, 452, 1819, 1819, 244, 11.05%, 0, 0, 2, 31.98
1464052105, 0, 452, 1820, 1820, 244, 11.05%, 0, 0, 2, 29.00
1464052110, 0, 452, 1823, 1823, 244, 11.05%, 0, 0, 2, 30.25
1464052115, 0, 452, 1825, 1825, 244, 11.05%, 0, 0, 2, 32.92
1464052126, 0, 452, 1826, 1826, 244, 11.05%, 0, 0, 2, 29.41
1464052136, 0, 452, 1827, 1827, 244, 11.05%, 0, 0, 2, 30.33
1464052161, 0, 452, 1828, 1828, 244, 11.05%, 0, 0, 2, 32.28
1464052192, 0, 452, 1829, 1829, 244, 11.05%, 0, 0, 2, 27.84
1464052202, 0, 452, 1830, 1830, 244, 11.05%, 0, 0, 2, 27.82
1464052223, 0, 452, 1831, 1831, 244, 11.05%, 0, 0, 2, 28.95
1464052305, 0, 452, 1832, 1832, 244, 11.05%, 0, 0, 2, 166.63
1464052310, 0, 452, 1836, 1836, 244, 11.05%, 0, 0, 2, 165.44
1464052315, 0, 452, 1839, 1839, 244, 11.05%, 0, 0, 2, 164.00
1464052325, 0, 452, 1840, 1840, 244, 11.05%, 0, 0, 2, 159.25
1464052330, 0, 452, 1841, 1841, 244, 11.05%, 0, 0, 2, 157.17
1464052335, 0, 452, 1842, 1842, 244, 11.05%, 0, 0, 2, 156.22
1464052340, 0, 452, 1843, 1843, 244, 11.05%, 0, 0, 2, 153.54
1464052361, 0, 452, 1844, 1844, 244, 11.05%, 0, 0, 2, 103.06
1464052371, 0, 452, 1855, 1854, 243, 11.06%, 0, 0, 2, 22.36
1464052376, 0, 452, 1863, 1862, 243, 11.06%, 0, 0, 2, 20.56
1464052381, 0, 452, 1884, 1883, 243, 11.06%, 0, 0, 2, 15.54
1464052387, 0, 452, 1908, 1907, 243, 11.06%, 0, 0, 2, 38.29
1464052392, 0, 452, 1928, 1927, 243, 11.06%, 0, 0, 2, 91.48
1464052397, 0, 452, 1941, 1940, 243, 11.07%, 0, 0, 2, 1.70
1464052402, 0, 452, 1959, 1958, 243, 11.07%, 0, 0, 2, 48.90
1464052408, 0, 452, 1967, 1966, 243, 11.07%, 0, 0, 2, 6.78
1464052413, 0, 452, 1983, 1982, 243, 11.07%, 0, 0, 2, 26.74
1464052418, 0, 452, 2004, 2003, 243, 11.07%, 0, 0, 2, 32.52
1464052423, 0, 452, 2012, 2011, 243, 11.07%, 0, 0, 2, 25.46
1464052428, 0, 452, 2029, 2028, 243, 11.07%, 0, 0, 2, 34.72
1464052434, 0, 452, 2051, 2050, 243, 11.07%, 0, 0, 2, 13.47
1464052439, 0, 452, 2059, 2058, 243, 11.07%, 0, 0, 2, 1.36
1464052444, 0, 452, 2073, 2072, 243, 11.07%, 0, 0, 2, 55.71
1464052449, 0, 452, 2090, 2089, 243, 11.07%, 0, 0, 2, 8.12
1464052455, 0, 452, 2103, 2102, 243, 11.07%, 0, 0, 2, 23.96
1464052460, 0, 452, 2116, 2115, 243, 11.07%, 0, 0, 2, 2.88
1464052465, 0, 452, 2127, 2126, 243, 11.07%, 0, 0, 2, 11.13
1464052470, 0, 452, 2142, 2141, 243, 11.07%, 0, 0, 2, 22.02
1464052475, 0, 452, 2157, 2156, 243, 11.07%, 0, 0, 2, 2.43
1464052481, 0, 452, 2166, 2165, 243, 11.07%, 0, 0, 2, 14.79
1464052486, 0, 452, 2179, 2178, 243, 11.07%, 0, 0, 2, 5.59
1464052491, 0, 452, 2187, 2186, 243, 11.07%, 0, 0, 2, 1.19
1464052496, 0, 452, 2195, 2194, 243, 11.07%, 0, 0, 2, 1.38
1464052501, 0, 452, 2209, 2208, 243, 11.07%, 0, 0, 2, 45.32
1464052506, 0, 452, 2227, 2226, 243, 11.07%, 0, 0, 2, 47.17
1464052512, 0, 452, 2243, 2242, 243, 11.07%, 0, 0, 2, 17.94
1464052517, 0, 452, 2263, 2262, 243, 11.07%, 0, 0, 2, 57.50
1464052522, 0, 452, 2278, 2277, 243, 11.07%, 0, 0, 2, 29.11
1464052527, 0, 452, 2292, 2291, 243, 11.07%, 0, 1, 2, 9.83
1464052532, 0, 452, 2304, 2303, 243, 11.07%, 0, 1, 2, 37.56
1464052537, 0, 452, 2315, 2314, 243, 11.07%, 0, 1, 2, 24.86
1464052542, 0, 452, 2334, 2333, 243, 11.07%, 0, 1, 2, 31.01
1464052547, 0, 452, 2348, 2347, 243, 11.07%, 0, 1, 2, 85.59
1464052553, 0, 452, 2361, 2360, 243, 11.07%, 0, 1, 2, 9.26
1464052558, 0, 452, 2371, 2370, 243, 11.07%, 0, 1, 2, 15.16
1464052563, 0, 452, 2385, 2384, 243, 11.07%, 0, 1, 2, 21.68
1464052568, 0, 452, 2401, 2400, 243, 11.07%, 0, 1, 2, 4.26
1464052573, 0, 452, 2412, 2411, 243, 11.07%, 0, 1, 2, 10.01
1464052578, 0, 452, 2427, 2426, 243, 11.07%, 0, 1, 2, 63.28
1464052583, 0, 452, 2435, 2434, 243, 11.07%, 0, 1, 2, 28.57
1464052588, 0, 452, 2444, 2443, 243, 11.07%, 0, 1, 2, 36.14
1464052593, 0, 452, 2460, 2459, 243, 11.07%, 0, 1, 2, 34.68
1464052598, 0, 452, 2473, 2472, 243, 11.07%, 0, 2, 2, 6.24
1464052603, 0, 452, 2491, 2490, 243, 11.07%, 0, 2, 2, 85.74
1464052609, 0, 452, 2501, 2500, 243, 11.07%, 0, 2, 2, 10.71
1464052614, 0, 452, 2516, 2515, 243, 11.07%, 0, 2, 2, 2.39
1464052619, 0, 452, 2523, 2522, 243, 11.07%, 0, 2, 2, 28.34
1464052624, 0, 452, 2538, 2537, 243, 11.07%, 0, 2, 2, 7.89
1464052629, 0, 452, 2550, 2549, 243, 11.07%, 0, 2, 2, 75.00
1464052635, 0, 452, 2552, 2551, 243, 11.07%, 0, 2, 2, 58.28
1464052640, 0, 452, 2554, 2553, 243, 11.07%, 0, 2, 2, 62.39
1464052645, 0, 452, 2557, 2556, 243, 11.07%, 0, 2, 2, 81.01
1464052660, 0, 452, 2565, 2564, 243, 11.07%, 0, 2, 2, 71.55
1464052665, 0, 452, 2566, 2565, 243, 11.07%, 0, 2, 2, 7.80
1464052670, 0, 452, 2569, 2568, 243, 11.07%, 0, 2, 2, 20.03
1464052676, 0, 452, 2570, 2569, 243, 11.07%, 0, 2, 2, 48.76
1464052681, 0, 452, 2571, 2570, 243, 11.07%, 0, 2, 2, 54.03
1464052686, 0, 452, 2577, 2576, 243, 11.07%, 0, 2, 2, 56.14
1464052691, 0, 452, 2578, 2577, 243, 11.07%, 0, 2, 2, 14.34
1464052697, 0, 452, 2579, 2578, 243, 11.07%, 0, 2, 2, 7.00
1464052702, 0, 452, 2581, 2580, 243, 11.07%, 0, 2, 2, 14.71
1464052707, 0, 452, 2585, 2584, 243, 11.07%, 0, 3, 2, 25.24
1464052713, 0, 452, 2586, 2585, 243, 11.07%, 0, 3, 2, 2.45
1464052718, 0, 452, 2587, 2586, 243, 11.07%, 0, 3, 2, 38.35
1464052723, 0, 452, 2590, 2589, 243, 11.07%, 0, 3, 2, 8.00
1464052728, 0, 452, 2591, 2590, 243, 11.07%, 0, 3, 2, 23.96
1464052759, 0, 452, 2592, 2591, 243, 11.07%, 0, 3, 2, 4.25
1464052780, 0, 452, 2593, 2592, 243, 11.07%, 0, 3, 2, 58.92
1464052790, 0, 452, 2594, 2593, 243, 11.07%, 0, 3, 2, 62.83
1464052795, 0, 452, 2595, 2594, 243, 11.07%, 0, 3, 2, 4.20
1464052806, 0, 452, 2596, 2595, 243, 11.07%, 0, 3, 2, 83.11
1464052816, 0, 452, 2598, 2597, 243, 11.07%, 0, 3, 2, 68.51
1464052862, 0, 462, 2598, 2597, 249, 11.07%, 0, 3, 2, 809.36
1464052980, 0, 466, 2598, 2596, 248, 11.07%, 0, 3, 2, 723.19
1464053087, 0, 471, 2598, 2595, 247, 11.07%, 0, 3, 2, 933.52
1464053224, 0, 473, 2598, 2594, 246, 11.07%, 0, 3, 2, 114.88
1464053502, 0, 473, 2599, 2595, 246, 11.07%, 0, 3, 2, 10.59
1464053671, 0, 479, 2599, 2594, 245, 11.07%, 0, 3, 2, 1635.37
1464053793, 0, 479, 2600, 2595, 245, 11.07%, 0, 3, 2, 16.51
1464053880, 0, 479, 2601, 2596, 245, 11.07%, 0, 3, 2, 230.44
1464053956, 0, 479, 2601, 2595, 244, 11.07%, 0, 3, 2, 14.83
1464053961, 0, 479, 2602, 2596, 244, 11.07%, 0, 3, 2, 37.56
1464053967, 0, 479, 2603, 2597, 244, 11.07%, 0, 3, 2, 50.19
1464053987, 0, 479, 2604, 2598, 244, 11.07%, 0, 3, 2, 23.81
1464054008, 0, 479, 2607, 2601, 244, 11.07%, 0, 3, 2, 15.13
1464054019, 0, 479, 2608, 2602, 244, 11.07%, 0, 3, 2, 21.90
1464054040, 0, 479, 2609, 2603, 244, 11.07%, 0, 3, 2, 34.65
1464054060, 0, 484, 2609, 2603, 244, 11.07%, 0, 3, 2, 1542.66
1464054679, 0, 487, 2609, 2602, 243, 11.07%, 0, 3, 2, 483.69
1464054694, 0, 487, 2610, 2603, 243, 11.07%, 0, 3, 2, 32.33
1464054765, 0, 491, 2610, 2602, 242, 11.07%, 0, 3, 2, 536.70
1464055161, 0, 497, 2610, 2601, 241, 11.07%, 0, 3, 2, 634.35
1464055337, 0, 498, 2610, 2600, 240, 11.07%, 0, 3, 2, 733.75
1464055541, 0, 498, 2611, 2600, 239, 11.07%, 0, 3, 2, 5.05
1464055546, 0, 504, 2617, 2606, 239, 11.07%, 0, 3, 2, 3004.39
1464055669, 0, 506, 2617, 2605, 238, 11.07%, 0, 3, 2, 2762.26
1464055796, 0, 511, 2617, 2604, 237, 11.07%, 0, 3, 2, 84.34
1464055922, 0, 519, 2617, 2603, 236, 11.07%, 0, 3, 2, 85.04
1464056143, 0, 524, 2617, 2602, 236, 11.07%, 0, 3, 2, 803.82
1464056271, 0, 524, 2621, 2605, 235, 11.07%, 0, 3, 2, 1.98
1464056276, 0, 529, 2621, 2605, 236, 11.07%, 0, 3, 2, 2100.69
1464056429, 0, 536, 2621, 2604, 235, 11.07%, 0, 3, 2, 281.44
1464056624, 0, 551, 2621, 2603, 234, 11.07%, 0, 3, 2, 131.38
1464056695, 0, 620, 2621, 2602, 233, 11.07%, 0, 3, 2, 713.26
1464056725, 0, 629, 2621, 2601, 233, 11.07%, 0, 3, 2, 227.20
1464056782, 0, 629, 2622, 2602, 233, 11.07%, 0, 3, 2, 85.00
1464056965, 0, 635, 2622, 2601, 232, 11.07%, 0, 3, 2, 4895.00
1464057032, 0, 636, 2622, 2600, 231, 11.07%, 0, 3, 2, 577.12
1464057157, 0, 651, 2622, 2599, 230, 11.07%, 0, 3, 2, 1286.96
1464057259, 0, 653, 2622, 2598, 229, 11.07%, 0, 3, 2, 137.14
1464057546, 0, 665, 2622, 2597, 228, 11.07%, 0, 3, 2, 642.10
1464057710, 0, 665, 2623, 2598, 228, 11.07%, 0, 3, 2, 21.52
1464057761, 0, 665, 2624, 2599, 228, 11.07%, 0, 3, 2, 18.83
1464057862, 0, 669, 2626, 2600, 227, 11.07%, 0, 3, 2, 1430.57
1464057986, 0, 669, 2626, 2600, 227, 11.07%, 0, 9, 2, 1.24
1464057991, 0, 669, 2626, 2600, 227, 11.07%, 0, 15, 2, 1.24
1464057997, 0, 669, 2626, 2600, 227, 11.07%, 0, 18, 2, 1.25
1464058003, 0, 669, 2626, 2600, 227, 11.07%, 0, 22, 2, 1.25
1464058008, 0, 669, 2626, 2600, 227, 11.07%, 0, 25, 2, 1.24
1464058014, 0, 669, 2626, 2600, 227, 11.07%, 0, 31, 2, 1.24
1464058020, 0, 669, 2626, 2600, 227, 11.07%, 0, 34, 2, 1.24
1464058025, 0, 669, 2626, 2600, 227, 11.07%, 0, 37, 2, 1.24
1464058031, 0, 669, 2626, 2600, 227, 11.07%, 0, 40, 2, 1.24
1464058036, 0, 669, 2626, 2600, 227, 11.07%, 0, 42, 2, 1.24
1464058042, 0, 669, 2626, 2600, 227, 11.07%, 0, 48, 2, 1.24
1464058048, 0, 669, 2626, 2600, 227, 11.07%, 0, 52, 2, 1.24
1464058053, 0, 669, 2626, 2600, 227, 11.07%, 0, 53, 2, 1.24
1464058059, 0, 669, 2626, 2600, 227, 11.07%, 0, 59, 2, 1.24
1464058065, 0, 669, 2626, 2600, 227, 11.07%, 0, 62, 2, 1.24
1464058070, 0, 669, 2626, 2600, 227, 11.07%, 0, 63, 2, 1.24
1464058076, 0, 669, 2626, 2600, 227, 11.07%, 0, 68, 2, 1.24
1464058082, 0, 669, 2626, 2600, 227, 11.07%, 0, 71, 2, 1.24
1464058087, 0, 669, 2626, 2600, 227, 11.07%, 0, 73, 2, 1.24
1464058093, 0, 669, 2626, 2600, 227, 11.07%, 0, 75, 2, 1.24
1464058098, 0, 669, 2626, 2600, 227, 11.07%, 0, 78, 2, 1.24
1464058104, 0, 669, 2626, 2600, 227, 11.07%, 0, 79, 2, 1.24
1464058110, 0, 669, 2626, 2600, 227, 11.07%, 0, 82, 2, 1.24
1464058115, 0, 669, 2626, 2600, 227, 11.07%, 0, 85, 2, 1.24
1464058121, 0, 669, 2626, 2600, 227, 11.07%, 0, 87, 2, 1.24
1464058127, 0, 669, 2626, 2600, 227, 11.07%, 0, 88, 2, 1.24
1464058132, 0, 669, 2626, 2600, 227, 11.07%, 0, 89, 2, 1.24
1464058138, 0, 669, 2626, 2600, 227, 11.07%, 0, 90, 2, 1.24
1464058143, 0, 669, 2626, 2600, 227, 11.07%, 0, 94, 2, 1.24
1464058149, 0, 669, 2626, 2600, 227, 11.07%, 0, 96, 2, 1.24
1464058155, 0, 669, 2626, 2600, 227, 11.07%, 0, 98, 2, 1.24
1464058160, 0, 669, 2626, 2600, 227, 11.07%, 0, 99, 2, 1.24
1464058166, 0, 669, 2626, 2600, 227, 11.07%, 0, 104, 2, 1.24
1464058172, 0, 669, 2626, 2600, 227, 11.07%, 0, 107, 2, 1.24
1464058183, 0, 669, 2626, 2600, 227, 11.07%, 0, 108, 2, 1.24
1464058194, 0, 669, 2626, 2600, 227, 11.07%, 0, 109, 2, 1.24
1464058199, 0, 672, 2626, 2599, 226, 11.07%, 0, 110, 2, 340.22
1464058814, 0, 683, 2626, 2598, 226, 11.07%, 0, 110, 2, 85.48
1464059197, 0, 692, 2626, 2597, 225, 11.07%, 0, 110, 2, 1169.89
1464059228, 0, 695, 2626, 2596, 224, 11.07%, 0, 110, 2, 201.52
1464059273, 0, 709, 2626, 2595, 223, 11.07%, 0, 110, 2, 914.05
1464059407, 0, 709, 2630, 2598, 222, 11.07%, 0, 110, 2, 1.63
1464059412, 0, 714, 2631, 2599, 222, 11.07%, 0, 110, 2, 481.63
1464059683, 0, 722, 2631, 2598, 221, 11.07%, 0, 110, 2, 663.93
1464059811, 0, 745, 2631, 2597, 220, 11.07%, 0, 110, 2, 434.33
1464060051, 0, 746, 2631, 2596, 219, 11.07%, 0, 110, 2, 344.16
1464060302, 0, 750, 2631, 2595, 218, 11.07%, 0, 110, 2, 407.49
1464060380, 0, 750, 2631, 2595, 218, 11.07%, 0, 111, 2, 1.31
1464060391, 0, 750, 2631, 2595, 218, 11.07%, 0, 113, 2, 1.28
1464060477, 0, 750, 2631, 2595, 218, 11.07%, 0, 116, 2, 1.32
1464060499, 0, 750, 2631, 2595, 218, 11.07%, 0, 119, 2, 1.26
1464060505, 0, 750, 2631, 2595, 218, 11.07%, 0, 122, 2, 1.26
1464060537, 0, 750, 2631, 2595, 218, 11.07%, 0, 123, 2, 1.29
1464060543, 0, 750, 2631, 2595, 218, 11.07%, 0, 124, 2, 1.28
1464060554, 0, 750, 2631, 2595, 218, 11.07%, 0, 128, 2, 1.28
1464060597, 0, 750, 2631, 2595, 218, 11.07%, 0, 129, 2, 1.31
1464060602, 0, 750, 2631, 2595, 218, 11.07%, 0, 135, 2, 1.29
1464060608, 0, 750, 2631, 2595, 218, 11.07%, 0, 139, 2, 1.27
1464060614, 0, 750, 2631, 2595, 218, 11.07%, 0, 143, 2, 1.26
1464060619, 0, 750, 2631, 2595, 218, 11.07%, 0, 147, 2, 1.25
1464060625, 0, 750, 2631, 2595, 218, 11.07%, 0, 150, 2, 1.25
1464060631, 0, 750, 2631, 2595, 218, 11.07%, 0, 153, 2, 1.25
1464060688, 0, 750, 2631, 2595, 218, 11.07%, 0, 156, 2, 1.33
1464060693, 0, 750, 2631, 2595, 218, 11.07%, 0, 157, 2, 1.31
1464060731, 0, 750, 2631, 2595, 218, 11.07%, 0, 158, 2, 1.28
1464060794, 0, 750, 2631, 2595, 218, 11.07%, 0, 161, 2, 1.30
1464060800, 0, 750, 2631, 2595, 218, 11.07%, 0, 163, 2, 1.28
1464060805, 0, 750, 2631, 2595, 218, 11.07%, 0, 166, 2, 1.26
1464060811, 0, 750, 2631, 2595, 218, 11.07%, 0, 170, 2, 1.26
1464060817, 0, 750, 2631, 2595, 218, 11.07%, 0, 174, 2, 1.25
1464060822, 0, 750, 2631, 2595, 218, 11.07%, 0, 175, 2, 1.25
1464060828, 0, 750, 2631, 2595, 218, 11.07%, 0, 177, 2, 1.25
1464060834, 0, 750, 2631, 2595, 218, 11.07%, 0, 180, 2, 1.25
1464060839, 0, 750, 2631, 2595, 218, 11.07%, 0, 182, 2, 1.25
1464060845, 0, 750, 2631, 2595, 218, 11.07%, 0, 184, 2, 1.25
1464060850, 0, 750, 2631, 2595, 218, 11.07%, 0, 189, 2, 1.24
1464060856, 0, 750, 2631, 2595, 218, 11.07%, 0, 190, 2, 1.24
1464060862, 0, 750, 2631, 2595, 218, 11.07%, 0, 192, 2, 1.24
1464060867, 0, 750, 2631, 2595, 218, 11.07%, 0, 193, 2, 1.24
1464060873, 0, 750, 2631, 2595, 218, 11.07%, 0, 195, 2, 1.24
1464060879, 0, 750, 2631, 2595, 218, 11.07%, 0, 196, 2, 1.24
1464060884, 0, 750, 2631, 2595, 218, 11.07%, 0, 198, 2, 1.24
1464060890, 0, 750, 2631, 2595, 218, 11.07%, 0, 200, 2, 1.24
1464060895, 0, 750, 2631, 2595, 218, 11.07%, 0, 202, 2, 1.24
1464060901, 0, 750, 2631, 2595, 218, 11.07%, 0, 204, 2, 1.24
1464060907, 0, 750, 2631, 2595, 218, 11.07%, 0, 205, 2, 1.24
1464060912, 0, 750, 2631, 2595, 218, 11.07%, 0, 207, 2, 1.24
1464060917, 0, 750, 2631, 2595, 218, 11.07%, 0, 208, 2, 57.83
1464061176, 0, 760, 2634, 2597, 217, 11.07%, 0, 208, 2, 3598.30
1464061750, 0, 761, 2634, 2596, 216, 11.07%, 0, 208, 2, 34.05
1464061883, 0, 762, 2634, 2595, 215, 11.07%, 0, 208, 2, 1917.33
1464061889, 0, 762, 2634, 2595, 215, 11.07%, 1, 208, 2, 8.91
1464062063, 0, 765, 2634, 2594, 214, 11.07%, 1, 208, 2, 157.81
1464062262, 0, 770, 2634, 2593, 213, 11.07%, 1, 208, 2, 1694.43
1464062339, 0, 770, 2635, 2594, 213, 11.07%, 1, 208, 2, 43.28
1464062436, 0, 774, 2636, 2594, 212, 11.07%, 1, 208, 2, 55.07
1464062702, 0, 786, 2636, 2593, 212, 11.07%, 1, 208, 2, 1809.96
1464062748, 0, 791, 2636, 2592, 211, 11.07%, 1, 208, 2, 139.29
1464062962, 0, 796, 2636, 2591, 210, 11.07%, 1, 208, 2, 333.11
1464063436, 0, 804, 2636, 2590, 209, 11.07%, 1, 208, 2, 1968.82
1464063553, 0, 805, 2637, 2590, 208, 11.07%, 1, 208, 2, 1853.92
1464063677, 0, 805, 2638, 2591, 208, 11.07%, 1, 208, 2, 14.32
1464063942, 0, 817, 2638, 2590, 207, 11.07%, 1, 208, 2, 55.70
1464063978, 0, 823, 2638, 2589, 206, 11.07%, 1, 208, 2, 860.14
1464064126, 0, 842, 2638, 2588, 205, 11.07%, 1, 208, 2, 1989.00
1464064476, 0, 851, 2638, 2587, 204, 11.07%, 1, 208, 2, 328.48
1464064514, 0, 873, 2640, 2588, 203, 11.07%, 1, 208, 2, 74.38
1464064627, 0, 882, 2640, 2587, 202, 11.07%, 1, 208, 2, 703.11
1464064770, 0, 901, 2640, 2586, 202, 11.07%, 1, 208, 2, 691.60
1464064862, 0, 907, 2640, 2585, 201, 11.07%, 1, 208, 2, 963.40
1464065175, 0, 910, 2640, 2584, 200, 11.07%, 1, 208, 2, 822.94
1464065313, 0, 913, 2642, 2585, 199, 11.07%, 1, 208, 2, 1120.45
1464065678, 0, 916, 2642, 2584, 198, 11.07%, 1, 208, 2, 257.65
1464066003, 0, 923, 2642, 2583, 197, 11.07%, 1, 208, 2, 2380.95
1464066044, 0, 933, 2642, 2582, 196, 11.07%, 1, 208, 2, 357.66
1464066330, 0, 934, 2642, 2581, 195, 11.07%, 1, 208, 2, 1640.31
1464066879, 0, 939, 2642, 2580, 194, 11.07%, 1, 208, 2, 193.23
1464067042, 0, 947, 2642, 2579, 194, 11.07%, 1, 208, 2, 805.68
1464067360, 0, 954, 2642, 2578, 193, 11.07%, 1, 208, 2, 339.49
1464067442, 0, 973, 2642, 2577, 192, 11.07%, 1, 208, 2, 118.00
1464067826, 0, 975, 2642, 2576, 191, 11.07%, 1, 208, 2, 323.28
1464068323, 0, 978, 2643, 2576, 190, 11.07%, 1, 208, 2, 257.15
1464068718, 0, 1012, 2643, 2575, 189, 11.07%, 1, 208, 2, 806.59
1464069124, 0, 1033, 2643, 2574, 188, 11.07%, 1, 208, 2, 271.68
1464069514, 0, 1036, 2643, 2573, 188, 11.07%, 1, 208, 2, 1328.11
1464069878, 0, 1038, 2643, 2572, 187, 11.07%, 1, 208, 2, 911.94
1464070077, 0, 1043, 2644, 2572, 186, 11.07%, 1, 208, 2, 377.44
1464070611, 0, 1046, 2644, 2571, 185, 11.07%, 1, 208, 2, 113.55
1464070795, 0, 1058, 2644, 2570, 184, 11.07%, 1, 208, 2, 346.88
1464071015, 0, 1063, 2644, 2569, 183, 11.07%, 1, 208, 2, 35.78
1464071066, 0, 1073, 2644, 2568, 183, 11.07%, 1, 208, 2, 342.57
1464071128, 0, 1073, 2645, 2568, 182, 11.07%, 1, 208, 2, 10.18
1464071134, 0, 1085, 2645, 2568, 182, 11.07%, 1, 208, 2, 620.35
1464071594, 0, 1096, 2645, 2567, 181, 11.07%, 1, 208, 2, 458.94
1464071696, 0, 1098, 2645, 2566, 180, 11.07%, 1, 208, 2, 2228.33
1464071887, 0, 1099, 2645, 2565, 179, 11.07%, 1, 208, 2, 920.73
1464071893, 0, 1099, 2645, 2565, 179, 11.07%, 2, 208, 2, 795.54
1464071985, 0, 1102, 2645, 2564, 178, 11.07%, 2, 208, 2, 902.63
1464072123, 0, 1112, 2645, 2563, 177, 11.07%, 2, 208, 2, 508.65
1464072358, 0, 1125, 2645, 2562, 176, 11.07%, 2, 208, 2, 102.23
1464072533, 0, 1127, 2645, 2561, 175, 11.07%, 2, 208, 2, 1392.56
1464073196, 0, 1127, 2646, 2562, 175, 11.07%, 2, 208, 2, 5.48
1464073402, 0, 1133, 2646, 2561, 174, 11.07%, 2, 208, 2, 173.13
1464073494, 0, 1136, 2646, 2560, 173, 11.07%, 2, 208, 2, 59.27
1464073863, 0, 1145, 2646, 2559, 172, 11.07%, 2, 208, 2, 174.33
1464074247, 0, 1161, 2646, 2558, 171, 11.07%, 2, 208, 2, 112.13
1464074289, 0, 1169, 2646, 2557, 171, 11.07%, 2, 208, 2, 12.84
1464074314, 0, 1171, 2646, 2556, 171, 11.07%, 2, 208, 2, 1530.99
1464074642, 0, 1175, 2646, 2555, 170, 11.07%, 2, 208, 2, 143.90
1464074744, 0, 1182, 2646, 2554, 169, 11.07%, 2, 208, 2, 1263.14
1464074826, 0, 1200, 2646, 2553, 168, 11.07%, 2, 208, 2, 185.12
1464074841, 0, 1212, 2646, 2552, 167, 11.07%, 2, 208, 2, 479.74
1464074988, 0, 1218, 2646, 2551, 166, 11.07%, 2, 208, 2, 369.47
1464075398, 0, 1228, 2646, 2550, 165, 11.07%, 2, 208, 2, 1607.20
1464075671, 0, 1229, 2646, 2549, 164, 11.07%, 2, 208, 2, 1405.61
1464075699, 0, 1238, 2646, 2548, 163, 11.07%, 2, 208, 2, 27.59
1464075745, 0, 1241, 2646, 2547, 162, 11.07%, 2, 208, 2, 2.20
1464075869, 0, 1249, 2646, 2546, 161, 11.07%, 2, 208, 2, 172.08
1464076274, 0, 1252, 2646, 2545, 160, 11.07%, 2, 208, 2, 247.31
1464076341, 0, 1266, 2646, 2544, 159, 11.07%, 2, 208, 2, 498.15
1464076613, 0, 1274, 2646, 2543, 158, 11.07%, 2, 208, 2, 566.44
1464077053, 0, 1277, 2646, 2542, 158, 11.07%, 2, 208, 2, 60.78
1464077097, 0, 1281, 2646, 2541, 157, 11.07%, 2, 208, 2, 9.84
1464077215, 0, 1288, 2646, 2540, 156, 11.07%, 2, 208, 2, 263.21
1464077348, 0, 1289, 2646, 2539, 155, 11.07%, 2, 208, 2, 269.74
1464077501, 0, 1307, 2646, 2538, 155, 11.07%, 2, 208, 2, 33.09
1464077632, 0, 1343, 2646, 2537, 154, 11.07%, 2, 208, 2, 438.14
1464077960, 0, 1347, 2646, 2536, 153, 11.07%, 2, 208, 2, 1552.15
1464078029, 0, 1367, 2646, 2535, 152, 11.07%, 2, 208, 2, 357.86
1464078234, 0, 1367, 2646, 2534, 151, 11.07%, 2, 208, 2, 100.76
1464078239, 0, 1370, 2646, 2534, 151, 11.07%, 2, 208, 2, 43.52
1464078265, 0, 1381, 2646, 2533, 150, 11.07%, 2, 208, 2, 194.41
1464078534, 0, 1394, 2646, 2532, 149, 11.07%, 2, 208, 2, 546.35
1464078755, 0, 1401, 2646, 2531, 148, 11.07%, 2, 208, 2, 146.88
1464079125, 0, 1419, 2646, 2530, 147, 11.07%, 2, 208, 2, 228.50
1464079728, 0, 1425, 2646, 2529, 146, 11.07%, 2, 208, 2, 34.72
1464079768, 0, 1436, 2646, 2528, 145, 11.07%, 2, 208, 2, 211.01
1464080031, 0, 1450, 2646, 2527, 145, 11.07%, 2, 208, 2, 11.33
1464080087, 0, 1455, 2646, 2526, 144, 11.07%, 2, 208, 2, 120.29
1464080226, 0, 1467, 2646, 2525, 143, 11.07%, 2, 208, 2, 88.12
1464080349, 0, 1478, 2646, 2524, 142, 11.07%, 2, 208, 2, 729.43
1464080594, 0, 1480, 2646, 2523, 141, 11.07%, 2, 208, 2, 131.95
1464080696, 0, 1487, 2646, 2522, 140, 11.07%, 2, 208, 2, 308.78
1464080885, 0, 1491, 2646, 2521, 139, 11.07%, 2, 208, 2, 204.47
1464080988, 0, 1509, 2646, 2520, 138, 11.07%, 2, 208, 2, 124.53
1464081137, 0, 1513, 2646, 2519, 137, 11.07%, 2, 208, 2, 191.58
1464081281, 0, 1523, 2646, 2518, 137, 11.07%, 2, 208, 2, 230.56
1464081419, 0, 1533, 2646, 2517, 136, 11.07%, 2, 208, 2, 35.05
1464081450, 0, 1535, 2646, 2516, 135, 11.07%, 2, 208, 2, 579.75
1464081605, 0, 1552, 2646, 2515, 134, 11.07%, 2, 208, 2, 404.53
1464081809, 0, 1568, 2646, 2514, 134, 11.07%, 2, 208, 2, 379.48
1464081886, 0, 1580, 2646, 2513, 133, 11.07%, 2, 208, 2, 1754.01
1464082076, 0, 1607, 2646, 2512, 132, 11.07%, 2, 208, 2, 116.97
1464082244, 0, 1609, 2646, 2511, 131, 11.07%, 2, 208, 2, 153.46
1464082444, 0, 1613, 2646, 2510, 131, 11.07%, 2, 208, 2, 55.95
1464082710, 0, 1646, 2646, 2509, 131, 11.07%, 2, 208, 2, 96.93
1464082791, 0, 1662, 2646, 2508, 130, 11.07%, 2, 208, 2, 210.11
1464082873, 0, 1663, 2646, 2507, 129, 11.07%, 2, 208, 2, 52.36
1464082991, 0, 1687, 2646, 2506, 128, 11.07%, 2, 208, 2, 361.74
1464083064, 0, 1687, 2647, 2507, 128, 11.07%, 2, 208, 2, 12.16
1464083126, 0, 1690, 2647, 2506, 127, 11.07%, 2, 208, 2, 296.15
1464083265, 0, 1704, 2647, 2505, 126, 11.07%, 2, 208, 2, 169.94
1464083509, 0, 1705, 2647, 2504, 125, 11.07%, 2, 208, 2, 95.78
1464083576, 0, 1717, 2647, 2503, 124, 11.07%, 2, 208, 2, 512.38
1464083755, 0, 1721, 2647, 2502, 124, 11.07%, 2, 208, 2, 60.46
1464083867, 0, 1741, 2647, 2501, 123, 11.07%, 2, 208, 2, 558.79
1464083923, 0, 1744, 2647, 2500, 122, 11.07%, 2, 208, 2, 297.57
1464083933, 0, 1744, 2648, 2501, 122, 11.07%, 2, 208, 2, 322.44
1464084143, 0, 1747, 2648, 2500, 122, 11.07%, 2, 208, 2, 95.08
1464084251, 0, 1809, 2648, 2499, 121, 11.07%, 2, 208, 2, 135.09
1464084652, 0, 1856, 2648, 2498, 120, 11.07%, 2, 208, 2, 131.89
1464084791, 0, 1858, 2648, 2497, 119, 11.07%, 2, 208, 2, 86.86
1464085191, 0, 1863, 2648, 2496, 118, 11.07%, 2, 208, 2, 98.27
1464085371, 0, 1865, 2648, 2495, 118, 11.07%, 2, 208, 2, 1292.54
1464085540, 0, 1873, 2648, 2494, 117, 11.07%, 2, 208, 2, 92.10
1464085842, 0, 1878, 2648, 2493, 116, 11.07%, 2, 208, 2, 798.41
1464085873, 0, 1878, 2649, 2494, 116, 11.07%, 2, 208, 2, 156.07
1464085914, 0, 1884, 2649, 2493, 115, 11.07%, 2, 208, 2, 161.76
1464086073, 0, 1899, 2649, 2492, 114, 11.07%, 2, 208, 2, 335.29
1464086171, 0, 1911, 2649, 2491, 113, 11.07%, 2, 208, 2, 1357.31
1464086497, 0, 1918, 2649, 2490, 112, 11.07%, 2, 208, 2, 127.24
1464086589, 0, 1920, 2649, 2489, 111, 11.07%, 2, 208, 2, 661.86
1464086722, 0, 1926, 2649, 2488, 110, 11.07%, 2, 208, 2, 247.14
1464086901, 0, 1929, 2649, 2487, 109, 11.07%, 2, 208, 2, 1034.32
1464087029, 0, 1934, 2649, 2486, 108, 11.07%, 2, 208, 2, 28.56
1464087254, 0, 1941, 2649, 2485, 107, 11.07%, 2, 208, 2, 270.27
1464087567, 0, 1992, 2649, 2484, 107, 11.07%, 2, 208, 2, 51.70
1464087716, 0, 1999, 2649, 2483, 106, 11.07%, 2, 208, 2, 1535.42
1464087787, 0, 2002, 2649, 2482, 105, 11.07%, 2, 208, 2, 560.67
1464088023, 0, 2002, 2649, 2482, 105, 11.07%, 3, 208, 2, 166.27
1464088130, 0, 2015, 2649, 2481, 104, 11.07%, 3, 208, 2, 76.90
1464088247, 0, 2017, 2649, 2480, 103, 11.07%, 3, 208, 2, 217.48
1464088360, 0, 2034, 2649, 2479, 102, 11.07%, 3, 208, 2, 1362.21
1464088570, 0, 2053, 2649, 2478, 101, 11.07%, 3, 208, 2, 200.90
1464088817, 0, 2062, 2649, 2477, 100, 11.07%, 3, 208, 2, 4.74
1464089455, 0, 2069, 2649, 2476, 100, 11.07%, 3, 208, 2, 415.13
1464089649, 0, 2096, 2649, 2475, 99, 11.07%, 3, 208, 2, 1341.56
1464089720, 0, 2103, 2649, 2474, 98, 11.07%, 3, 208, 2, 133.20
1464090029, 0, 2126, 2649, 2473, 97, 11.07%, 3, 208, 2, 79.34
1464090271, 0, 2154, 2649, 2472, 97, 11.07%, 3, 208, 2, 148.68
1464090681, 0, 2160, 2649, 2471, 97, 11.07%, 3, 208, 2, 243.30
1464090905, 0, 2162, 2649, 2470, 96, 11.07%, 3, 208, 2, 57.13
1464091211, 0, 2162, 2650, 2471, 96, 11.07%, 3, 208, 2, 6.46
1464091299, 0, 2170, 2650, 2470, 95, 11.07%, 3, 208, 2, 179.26
1464091381, 0, 2196, 2650, 2469, 95, 11.07%, 3, 208, 2, 481.38
1464091529, 0, 2215, 2650, 2468, 94, 11.07%, 3, 208, 2, 1147.44
1464091559, 0, 2215, 2650, 2468, 94, 11.07%, 4, 208, 2, 420.88
1464091677, 0, 2237, 2650, 2467, 93, 11.07%, 4, 208, 2, 53.67
1464092322, 0, 2246, 2650, 2466, 92, 11.07%, 4, 208, 2, 69.35
1464092455, 0, 2256, 2650, 2465, 91, 11.07%, 4, 208, 2, 1121.54
1464092996, 0, 2287, 2650, 2464, 90, 11.07%, 4, 208, 2, 643.44
1464093151, 0, 2300, 2650, 2463, 89, 11.07%, 4, 208, 2, 146.14
1464093401, 0, 2302, 2650, 2462, 88, 11.07%, 4, 208, 2, 101.83
1464093610, 0, 2320, 2650, 2461, 87, 11.07%, 4, 208, 2, 1218.59
1464094117, 0, 2334, 2650, 2460, 86, 11.07%, 4, 208, 2, 67.34
1464094388, 0, 2346, 2650, 2459, 86, 11.07%, 4, 208, 2, 66.83
1464094819, 0, 2379, 2650, 2458, 85, 11.07%, 4, 208, 2, 103.37
1464094931, 0, 2382, 2650, 2457, 84, 11.07%, 4, 208, 2, 284.94
1464095055, 0, 2387, 2650, 2456, 83, 11.07%, 4, 208, 2, 576.75
1464095213, 0, 2397, 2650, 2455, 82, 11.07%, 4, 208, 2, 140.47
1464095280, 0, 2397, 2651, 2456, 82, 11.07%, 4, 208, 2, 11.10
1464095362, 0, 2398, 2651, 2455, 81, 11.07%, 4, 208, 2, 991.96
1464095659, 0, 2418, 2651, 2454, 80, 11.07%, 4, 208, 2, 351.97
1464096240, 0, 2463, 2651, 2453, 79, 11.07%, 4, 208, 2, 2597.95
1464096302, 0, 2468, 2651, 2452, 78, 11.07%, 4, 208, 2, 1229.01
1464096384, 0, 2484, 2651, 2451, 77, 11.07%, 4, 208, 2, 876.91
1464096882, 0, 2489, 2651, 2450, 76, 11.07%, 4, 208, 2, 959.97
1464097283, 0, 2492, 2652, 2450, 75, 11.07%, 4, 208, 2, 994.15
1464097733, 0, 2507, 2652, 2449, 74, 11.07%, 4, 208, 2, 47.59
1464097976, 0, 2522, 2652, 2448, 74, 11.07%, 4, 208, 2, 13.25
1464098274, 0, 2526, 2652, 2447, 73, 11.07%, 4, 208, 2, 532.03
1464098433, 0, 2528, 2652, 2446, 72, 11.07%, 4, 208, 2, 338.00
1464098627, 0, 2528, 2652, 2446, 72, 11.07%, 5, 208, 2, 788.31
1464098663, 0, 2528, 2652, 2445, 71, 11.07%, 5, 208, 2, 655.16
1464098668, 0, 2548, 2652, 2445, 71, 11.07%, 5, 208, 2, 132.64
1464098922, 0, 2549, 2652, 2444, 70, 11.07%, 5, 208, 2, 269.57
