# unix_time, cycles_done, cur_path, paths_total, pending_total, pending_favs, map_size, unique_crashes, unique_hangs, max_depth, execs_per_sec
1464051854, 0, 355, 1787, 1787, 242, 11.05%, 0, 0, 1, 80.29
1464051859, 0, 365, 1813, 1813, 242, 11.05%, 0, 0, 2, 1336.02
1464051865, 0, 365, 1817, 1817, 242, 11.05%, 0, 0, 2, 1343.72
1464051870, 0, 365, 1820, 1820, 242, 11.05%, 0, 0, 2, 1379.33
1464051885, 0, 365, 1822, 1822, 242, 11.05%, 0, 0, 2, 1391.29
1464051890, 0, 365, 1823, 1823, 242, 11.05%, 0, 0, 2, 1418.13
1464051895, 0, 365, 1824, 1824, 242, 11.05%, 0, 0, 2, 1403.65
1464051900, 0, 365, 1833, 1833, 242, 11.05%, 0, 0, 2, 1042.93
1464051905, 0, 365, 1837, 1837, 242, 11.06%, 0, 0, 2, 638.83
1464051910, 0, 365, 1838, 1838, 242, 11.06%, 0, 0, 2, 677.67
1464051915, 0, 365, 1842, 1842, 242, 11.06%, 0, 0, 2, 271.62
1464051920, 0, 365, 1844, 1844, 242, 11.06%, 0, 0, 2, 32.07
1464051931, 0, 365, 1845, 1845, 242, 11.06%, 0, 0, 2, 181.43
1464051941, 0, 365, 1846, 1846, 242, 11.06%, 0, 0, 2, 153.59
1464051951, 0, 365, 1847, 1847, 242, 11.06%, 0, 0, 2, 24.16
1464051956, 0, 365, 1848, 1848, 242, 11.06%, 0, 0, 2, 22.69
1464051961, 0, 365, 1849, 1849, 242, 11.06%, 0, 0, 2, 22.26
1464051966, 0, 365, 1850, 1850, 242, 11.06%, 0, 0, 2, 23.27
1464051971, 0, 365, 1851, 1851, 242, 11.06%, 0, 0, 2, 23.65
1464052028, 0, 365, 1853, 1853, 242, 11.06%, 0, 0, 2, 39.93
1464052059, 0, 365, 1854, 1854, 242, 11.06%, 0, 0, 2, 37.26
1464052064, 0, 365, 1855, 1855, 242, 11.06%, 0, 0, 2, 35.79
1464052074, 0, 365, 1856, 1856, 242, 11.06%, 0, 0, 2, 36.39
1464052080, 0, 365, 1857, 1857, 242, 11.06%, 0, 0, 2, 34.72
1464052110, 0, 365, 1858, 1858, 242, 11.06%, 0, 0, 2, 35.85
1464052116, 0, 365, 1859, 1859, 242, 11.06%, 0, 0, 2, 42.22
1464052136, 0, 365, 1862, 1862, 242, 11.06%, 0, 0, 2, 67.99
1464052141, 0, 365, 1867, 1867, 242, 11.06%, 0, 0, 2, 98.71
1464052146, 0, 365, 1870, 1870, 242, 11.06%, 0, 0, 2, 104.38
1464052156, 0, 365, 1871, 1871, 242, 11.06%, 0, 0, 2, 101.37
1464052167, 0, 365, 1872, 1872, 242, 11.06%, 0, 0, 2, 103.26
1464052202, 0, 365, 1875, 1875, 242, 11.06%, 0, 0, 2, 538.40
1464052207, 0, 365, 1877, 1877, 242, 11.06%, 0, 0, 2, 625.21
1464052212, 0, 365, 1883, 1883, 242, 11.06%, 0, 0, 2, 129.81
1464052218, 0, 365, 1885, 1885, 242, 11.06%, 0, 0, 2, 120.70
1464052223, 0, 365, 1887, 1887, 242, 11.06%, 0, 0, 2, 116.06
1464052228, 0, 365, 1888, 1888, 242, 11.06%, 0, 0, 2, 124.53
1464052233, 0, 365, 1892, 1892, 242, 11.06%, 0, 0, 2, 120.75
1464052238, 0, 365, 1894, 1894, 242, 11.06%, 0, 0, 2, 129.47
1464052249, 0, 365, 1896, 1896, 242, 11.06%, 0, 0, 2, 117.08
1464052259, 0, 365, 1897, 1897, 242, 11.06%, 0, 0, 2, 139.23
1464052264, 0, 365, 1898, 1898, 242, 11.06%, 0, 0, 2, 1062.13
1464052269, 0, 365, 1900, 1900, 242, 11.06%, 0, 0, 2, 42.50
1464052290, 0, 365, 1901, 1901, 242, 11.06%, 0, 0, 2, 39.55
1464052305, 0, 365, 1902, 1902, 242, 11.06%, 0, 0, 2, 38.24
1464052325, 0, 365, 1903, 1903, 242, 11.06%, 0, 0, 2, 37.38
1464052382, 0, 365, 1905, 1905, 242, 11.06%, 0, 0, 2, 38.01
1464052428, 0, 365, 1906, 1906, 242, 11.06%, 0, 0, 2, 62.74
1464052448, 0, 365, 1916, 1916, 242, 11.06%, 0, 0, 2, 57.56
1464052453, 0, 365, 1920, 1920, 242, 11.06%, 0, 0, 2, 56.84
1464052458, 0, 365, 1924, 1924, 242, 11.06%, 0, 0, 2, 58.79
1464052463, 0, 365, 1925, 1925, 242, 11.06%, 0, 0, 2, 60.64
1464052468, 0, 365, 1926, 1926, 242, 11.06%, 0, 0, 2, 55.84
1464052484, 0, 365, 1929, 1929, 242, 11.06%, 0, 0, 2, 55.69
1464052489, 0, 365, 1930, 1930, 242, 11.06%, 0, 0, 2, 56.22
1464052494, 0, 365, 1931, 1931, 242, 11.06%, 0, 0, 2, 57.20
1464052499, 0, 365, 1932, 1932, 242, 11.06%, 0, 0, 2, 57.15
1464052504, 0, 365, 1933, 1933, 242, 11.06%, 0, 0, 2, 55.80
1464052519, 0, 365, 1934, 1934, 242, 11.06%, 0, 0, 2, 61.39
1464052555, 0, 365, 1935, 1935, 242, 11.06%, 0, 0, 2, 89.74
1464052565, 0, 365, 1936, 1936, 242, 11.06%, 0, 0, 2, 111.15
1464052576, 0, 365, 1938, 1938, 242, 11.06%, 0, 0, 2, 115.76
1464052601, 0, 365, 1939, 1939, 242, 11.06%, 0, 0, 2, 66.54
1464052622, 0, 365, 1940, 1940, 242, 11.06%, 0, 0, 2, 127.65
1464052642, 0, 365, 1945, 1945, 242, 11.06%, 0, 0, 2, 87.18
1464052648, 0, 365, 1946, 1946, 242, 11.06%, 0, 0, 2, 79.26
1464052658, 0, 365, 1947, 1947, 242, 11.06%, 0, 0, 2, 80.04
1464052673, 0, 365, 1948, 1948, 242, 11.06%, 0, 0, 2, 69.44
1464052684, 0, 365, 1949, 1949, 242, 11.06%, 0, 0, 2, 72.72
1464052689, 0, 365, 1950, 1950, 242, 11.06%, 0, 0, 2, 71.30
1464052715, 0, 365, 1951, 1951, 242, 11.06%, 0, 0, 2, 71.94
1464052725, 0, 365, 1965, 1964, 241, 11.06%, 0, 0, 2, 13.71
1464052730, 0, 365, 1991, 1990, 241, 11.07%, 0, 0, 2, 17.72
1464052735, 0, 365, 2017, 2016, 241, 11.07%, 0, 0, 2, 32.08
1464052740, 0, 365, 2034, 2033, 241, 11.07%, 0, 0, 2, 48.54
1464052745, 0, 365, 2051, 2050, 241, 11.07%, 0, 0, 2, 4.31
1464052750, 0, 365, 2064, 2063, 241, 11.07%, 0, 0, 2, 38.57
1464052755, 0, 365, 2089, 2088, 241, 11.07%, 0, 0, 2, 9.01
1464052761, 0, 365, 2107, 2106, 241, 11.07%, 0, 0, 2, 45.65
1464052766, 0, 365, 2136, 2135, 241, 11.07%, 0, 0, 2, 37.81
1464052771, 0, 365, 2147, 2146, 241, 11.07%, 0, 0, 2, 57.97
1464052776, 0, 365, 2173, 2172, 241, 11.07%, 0, 0, 2, 67.96
1464052781, 0, 365, 2189, 2188, 241, 11.07%, 0, 0, 2, 53.23
1464052786, 0, 365, 2204, 2203, 241, 11.07%, 0, 0, 2, 51.14
1464052791, 0, 365, 2224, 2223, 241, 11.07%, 0, 0, 2, 3.18
1464052796, 0, 365, 2240, 2239, 241, 11.07%, 0, 0, 2, 32.49
1464052801, 0, 365, 2252, 2251, 241, 11.07%, 0, 0, 2, 53.38
1464052807, 0, 365, 2266, 2265, 241, 11.07%, 0, 0, 2, 9.62
1464052812, 0, 365, 2286, 2285, 241, 11.07%, 0, 0, 2, 11.92
1464052817, 0, 365, 2311, 2310, 241, 11.07%, 0, 0, 2, 30.67
1464052822, 0, 365, 2330, 2329, 241, 11.07%, 0, 0, 2, 33.93
1464052827, 0, 365, 2336, 2335, 241, 11.07%, 0, 0, 2, 13.54
1464052832, 0, 365, 2351, 2350, 241, 11.07%, 0, 0, 2, 44.91
1464052837, 0, 365, 2372, 2371, 241, 11.07%, 0, 0, 2, 39.59
1464052843, 0, 365, 2396, 2395, 241, 11.07%, 0, 0, 2, 9.80
1464052848, 0, 365, 2415, 2414, 241, 11.07%, 0, 0, 2, 20.48
1464052853, 0, 365, 2435, 2434, 241, 11.07%, 0, 0, 2, 31.18
1464052858, 0, 365, 2463, 2462, 241, 11.07%, 0, 0, 2, 87.34
1464052863, 0, 365, 2473, 2472, 241, 11.07%, 0, 0, 2, 11.60
1464052868, 0, 365, 2502, 2501, 241, 11.07%, 0, 0, 2, 41.63
1464052873, 0, 365, 2511, 2510, 241, 11.07%, 0, 0, 2, 109.38
1464052878, 0, 365, 2532, 2531, 241, 11.07%, 0, 0, 2, 19.36
1464052884, 0, 365, 2553, 2552, 241, 11.07%, 0, 0, 2, 27.06
1464052889, 0, 365, 2564, 2563, 241, 11.07%, 0, 0, 2, 2.12
1464052894, 0, 365, 2576, 2575, 241, 11.07%, 0, 0, 2, 60.69
1464052899, 0, 365, 2580, 2579, 241, 11.07%, 0, 0, 2, 12.66
1464052904, 0, 365, 2582, 2581, 241, 11.07%, 0, 0, 2, 52.17
1464052909, 0, 365, 2586, 2585, 241, 11.07%, 0, 0, 2, 19.55
1464052915, 0, 365, 2589, 2588, 241, 11.07%, 0, 0, 2, 8.22
1464052920, 0, 365, 2594, 2593, 241, 11.07%, 0, 0, 2, 131.07
1464052925, 0, 365, 2595, 2594, 241, 11.07%, 0, 0, 2, 149.79
1464052930, 0, 365, 2596, 2595, 241, 11.07%, 0, 0, 2, 55.59
1464052935, 0, 365, 2599, 2598, 241, 11.07%, 0, 0, 2, 54.33
1464052940, 0, 365, 2603, 2602, 241, 11.07%, 0, 0, 2, 64.52
1464052945, 0, 365, 2607, 2606, 241, 11.07%, 0, 0, 2, 64.06
1464052950, 0, 365, 2609, 2608, 241, 11.07%, 0, 0, 2, 77.29
1464052955, 0, 365, 2611, 2610, 241, 11.07%, 0, 0, 2, 18.81
1464052961, 0, 365, 2612, 2611, 241, 11.07%, 0, 0, 2, 7.64
1464052971, 0, 365, 2613, 2612, 241, 11.07%, 0, 0, 2, 109.91
1464052976, 0, 365, 2615, 2614, 241, 11.07%, 0, 0, 2, 71.21
1464052991, 0, 365, 2616, 2615, 241, 11.07%, 0, 0, 2, 56.23
1464052996, 0, 365, 2617, 2616, 241, 11.07%, 0, 0, 2, 11.77
1464053017, 0, 365, 2620, 2619, 241, 11.07%, 0, 0, 2, 68.97
1464053022, 0, 365, 2621, 2620, 241, 11.07%, 0, 0, 2, 16.03
1464053044, 0, 365, 2622, 2621, 241, 11.07%, 0, 0, 2, 16.92
1464053049, 0, 365, 2623, 2622, 241, 11.07%, 0, 0, 2, 51.82
1464053101, 0, 365, 2624, 2623, 241, 11.07%, 0, 0, 2, 5.22
1464053148, 0, 365, 2625, 2624, 241, 11.07%, 0, 0, 2, 29.75
1464053188, 0, 380, 2625, 2624, 250, 11.07%, 0, 0, 2, 1899.91
1464053363, 0, 385, 2625, 2623, 249, 11.07%, 0, 0, 2, 82.77
1464053490, 0, 385, 2626, 2624, 249, 11.07%, 0, 0, 2, 1490.91
1464053562, 0, 387, 2626, 2623, 249, 11.07%, 0, 0, 2, 1269.95
1464053787, 0, 390, 2626, 2622, 248, 11.07%, 0, 0, 2, 1497.48
1464054023, 0, 390, 2627, 2623, 248, 11.07%, 0, 0, 2, 4.83
1464054285, 0, 391, 2627, 2622, 247, 11.07%, 0, 0, 2, 1313.00
1464054577, 0, 391, 2628, 2623, 247, 11.07%, 0, 0, 2, 5.07
1464054878, 0, 391, 2637, 2631, 246, 11.07%, 0, 0, 2, 29.19
1464054884, 0, 391, 2638, 2632, 246, 11.07%, 0, 0, 2, 44.30
1464054889, 0, 391, 2639, 2633, 246, 11.07%, 0, 0, 2, 32.84
1464054910, 0, 391, 2640, 2634, 246, 11.07%, 0, 0, 2, 22.45
1464054915, 0, 400, 2640, 2634, 246, 11.07%, 0, 0, 2, 115.90
1464055162, 0, 407, 2640, 2633, 245, 11.07%, 0, 0, 2, 2.02
1464055288, 0, 418, 2640, 2632, 244, 11.07%, 0, 0, 2, 265.35
1464055314, 0, 418, 2641, 2633, 244, 11.07%, 0, 0, 2, 10.61
1464055479, 0, 438, 2641, 2632, 243, 11.07%, 0, 0, 2, 176.33
1464055566, 0, 460, 2641, 2631, 243, 11.07%, 0, 0, 2, 493.73
1464055795, 0, 460, 2642, 2631, 242, 11.07%, 0, 0, 2, 18.96
1464055800, 0, 462, 2646, 2635, 243, 11.07%, 0, 0, 2, 453.18
1464056348, 0, 470, 2646, 2634, 242, 11.07%, 0, 0, 2, 860.65
1464056590, 0, 479, 2646, 2633, 241, 11.07%, 0, 0, 2, 667.90
1464056830, 0, 481, 2646, 2632, 240, 11.07%, 0, 0, 2, 1616.89
1464057315, 0, 487, 2646, 2631, 239, 11.07%, 0, 0, 2, 1861.91
1464057484, 0, 487, 2647, 2632, 239, 11.07%, 0, 0, 2, 190.35
1464057550, 0, 487, 2650, 2634, 238, 11.07%, 0, 0, 2, 4.90
1464057561, 0, 489, 2650, 2634, 238, 11.07%, 0, 0, 2, 9.64
1464057576, 0, 489, 2651, 2635, 238, 11.07%, 0, 0, 2, 33.62
1464057607, 0, 496, 2651, 2634, 237, 11.07%, 0, 0, 2, 75.02
1464057698, 0, 506, 2651, 2633, 236, 11.07%, 0, 0, 2, 655.12
1464057750, 0, 506, 2652, 2634, 236, 11.07%, 0, 0, 2, 15.27
1464058075, 0, 513, 2652, 2633, 235, 11.07%, 0, 0, 2, 3200.80
1464058517, 0, 515, 2652, 2632, 234, 11.07%, 0, 0, 2, 811.04
1464058829, 0, 522, 2656, 2635, 233, 11.07%, 0, 0, 2, 194.44
1464058870, 0, 523, 2656, 2634, 232, 11.07%, 0, 0, 2, 95.10
1464058957, 0, 538, 2656, 2633, 232, 11.07%, 0, 0, 2, 1255.58
1464059326, 0, 544, 2656, 2632, 231, 11.07%, 0, 0, 2, 615.92
1464059454, 0, 551, 2656, 2631, 230, 11.07%, 0, 0, 2, 36.96
1464059505, 0, 559, 2658, 2632, 229, 11.07%, 0, 0, 2, 360.74
1464059666, 0, 578, 2658, 2631, 228, 11.07%, 0, 0, 2, 154.18
1464059702, 0, 578, 2659, 2632, 228, 11.07%, 0, 0, 2, 98.77
1464059887, 0, 640, 2659, 2631, 228, 11.07%, 0, 0, 2, 1043.98
1464060448, 0, 640, 2659, 2631, 228, 11.07%, 1, 0, 2, 1.58
1464060479, 0, 640, 2659, 2631, 228, 11.07%, 2, 0, 2, 1.65
1464060526, 0, 640, 2659, 2631, 228, 11.07%, 3, 0, 2, 1.61
1464060965, 0, 646, 2659, 2630, 227, 11.07%, 3, 0, 2, 38.58
1464061001, 0, 647, 2659, 2629, 226, 11.07%, 3, 0, 2, 41.61
1464061088, 0, 647, 2662, 2631, 225, 11.07%, 3, 0, 2, 10.46
1464061093, 0, 685, 2662, 2631, 225, 11.07%, 3, 0, 2, 113.27
1464061246, 0, 686, 2662, 2630, 224, 11.07%, 3, 0, 2, 981.45
1464061435, 0, 694, 2662, 2629, 223, 11.07%, 3, 0, 2, 174.79
1464061589, 0, 702, 2662, 2628, 222, 11.07%, 3, 0, 2, 419.14
1464061820, 0, 712, 2662, 2627, 222, 11.07%, 3, 0, 2, 333.19
1464061963, 0, 719, 2662, 2626, 221, 11.07%, 3, 0, 2, 742.92
1464062004, 0, 719, 2663, 2627, 221, 11.07%, 3, 0, 2, 174.90
1464062209, 0, 723, 2663, 2626, 219, 11.07%, 3, 0, 2, 578.67
1464062321, 0, 731, 2663, 2625, 218, 11.07%, 3, 0, 2, 1198.01
1464062362, 0, 731, 2664, 2626, 218, 11.07%, 3, 0, 2, 45.03
1464062629, 0, 734, 2664, 2625, 217, 11.07%, 3, 0, 2, 1108.61
1464062710, 0, 749, 2664, 2624, 216, 11.07%, 3, 0, 2, 188.36
1464062736, 0, 752, 2665, 2624, 215, 11.07%, 3, 0, 2, 667.06
1464062926, 0, 753, 2665, 2623, 214, 11.07%, 3, 0, 2, 1369.00
1464063161, 0, 757, 2665, 2622, 213, 11.07%, 3, 0, 2, 532.38
1464063331, 0, 767, 2665, 2621, 212, 11.07%, 3, 0, 2, 102.10
1464063669, 0, 769, 2665, 2620, 211, 11.07%, 3, 0, 2, 2710.45
1464063803, 0, 769, 2667, 2621, 210, 11.07%, 3, 0, 2, 9.09
1464063808, 0, 770, 2667, 2621, 210, 11.07%, 3, 0, 2, 267.79
1464063906, 0, 773, 2667, 2620, 209, 11.07%, 3, 0, 2, 553.27
1464064289, 0, 787, 2667, 2619, 208, 11.07%, 3, 0, 2, 578.30
1464064620, 0, 793, 2667, 2618, 208, 11.07%, 3, 0, 2, 108.38
1464065323, 0, 805, 2667, 2617, 207, 11.07%, 3, 0, 2, 206.97
1464065420, 0, 805, 2667, 2616, 206, 11.07%, 3, 0, 2, 212.50
1464065431, 0, 815, 2667, 2616, 206, 11.07%, 3, 0, 2, 10.94
1464065600, 0, 816, 2667, 2615, 205, 11.07%, 3, 0, 2, 4499.51
1464065759, 0, 826, 2667, 2614, 204, 11.07%, 3, 0, 2, 1166.49
1464065785, 0, 832, 2667, 2613, 203, 11.07%, 3, 0, 2, 356.84
1464066307, 0, 852, 2667, 2612, 202, 11.07%, 3, 0, 2, 1311.42
1464066435, 0, 854, 2667, 2611, 201, 11.07%, 3, 0, 2, 2147.08
1464067568, 0, 856, 2667, 2610, 200, 11.07%, 3, 0, 2, 66.12
1464067696, 0, 857, 2667, 2609, 199, 11.07%, 3, 0, 2, 113.93
1464067951, 0, 863, 2667, 2608, 198, 11.07%, 3, 0, 2, 2272.99
1464067976, 0, 863, 2667, 2608, 198, 11.07%, 4, 0, 2, 170.34
1464068115, 0, 875, 2667, 2607, 197, 11.07%, 4, 0, 2, 40.37
1464068212, 0, 920, 2668, 2607, 196, 11.07%, 4, 0, 2, 301.29
1464068458, 0, 928, 2668, 2606, 195, 11.07%, 4, 0, 2, 152.23
1464068489, 0, 938, 2668, 2605, 194, 11.07%, 4, 0, 2, 330.22
1464068703, 0, 940, 2668, 2604, 194, 11.07%, 4, 0, 2, 96.81
1464068806, 0, 943, 2668, 2603, 194, 11.07%, 4, 0, 2, 256.91
1464069063, 0, 944, 2668, 2602, 193, 11.07%, 4, 0, 2, 852.99
1464069272, 0, 955, 2668, 2601, 192, 11.07%, 4, 0, 2, 1497.70
1464069575, 0, 955, 2668, 2601, 192, 11.07%, 5, 0, 2, 54.64
1464069596, 0, 956, 2668, 2600, 191, 11.07%, 5, 0, 2, 154.25
1464069769, 0, 958, 2668, 2599, 190, 11.07%, 5, 0, 2, 915.28
1464070071, 0, 964, 2668, 2598, 189, 11.07%, 5, 0, 2, 125.20
1464070255, 0, 967, 2669, 2598, 188, 11.07%, 5, 0, 2, 405.46
1464070434, 0, 972, 2669, 2597, 187, 11.07%, 5, 0, 2, 679.68
1464070735, 0, 978, 2669, 2596, 186, 11.07%, 5, 0, 2, 130.49
1464071029, 0, 987, 2669, 2595, 186, 11.07%, 5, 0, 2, 567.05
1464071254, 0, 988, 2669, 2594, 185, 11.07%, 5, 0, 2, 264.46
1464071393, 0, 988, 2670, 2595, 185, 11.07%, 5, 0, 2, 178.45
1464071428, 0, 993, 2671, 2595, 184, 11.07%, 5, 0, 2, 424.35
1464071720, 0, 996, 2671, 2594, 183, 11.07%, 5, 0, 2, 65.10
1464072033, 0, 1016, 2671, 2593, 182, 11.07%, 5, 0, 2, 1204.22
1464072104, 0, 1026, 2671, 2592, 181, 11.07%, 5, 0, 2, 954.19
1464072191, 0, 1032, 2671, 2591, 180, 11.07%, 5, 0, 2, 412.67
1464072355, 0, 1049, 2671, 2590, 179, 11.07%, 5, 0, 2, 929.64
1464072998, 0, 1051, 2671, 2589, 178, 11.07%, 5, 0, 2, 1340.37
1464073259, 0, 1054, 2671, 2588, 177, 11.07%, 5, 0, 2, 981.22
1464073631, 0, 1071, 2671, 2587, 176, 11.07%, 5, 0, 2, 329.20
1464073646, 0, 1071, 2671, 2587, 176, 11.07%, 6, 0, 2, 364.09
1464073808, 0, 1085, 2671, 2586, 175, 11.07%, 6, 0, 2, 126.20
1464073854, 0, 1085, 2672, 2586, 174, 11.07%, 6, 0, 2, 5.56
1464073859, 0, 1093, 2672, 2586, 174, 11.07%, 6, 0, 2, 1358.27
1464074032, 0, 1095, 2672, 2585, 173, 11.07%, 6, 0, 2, 657.54
1464074428, 0, 1099, 2672, 2584, 172, 11.07%, 6, 0, 2, 238.73
1464074464, 0, 1102, 2672, 2583, 171, 11.07%, 6, 0, 2, 558.84
1464074684, 0, 1104, 2672, 2582, 170, 11.07%, 6, 0, 2, 876.94
1464074848, 0, 1112, 2672, 2581, 169, 11.07%, 6, 0, 2, 272.39
1464075048, 0, 1113, 2672, 2580, 168, 11.07%, 6, 0, 2, 729.37
1464075221, 0, 1116, 2672, 2579, 167, 11.07%, 6, 0, 2, 313.02
1464075690, 0, 1119, 2672, 2578, 166, 11.07%, 6, 0, 2, 338.65
1464076121, 0, 1120, 2672, 2577, 165, 11.07%, 6, 0, 2, 375.68
1464076269, 0, 1138, 2672, 2576, 164, 11.07%, 6, 0, 2, 296.07
1464076413, 0, 1140, 2672, 2575, 163, 11.07%, 6, 0, 2, 1256.14
1464076824, 0, 1146, 2672, 2574, 162, 11.07%, 6, 0, 2, 137.62
1464076875, 0, 1149, 2672, 2573, 161, 11.07%, 6, 0, 2, 58.40
1464077085, 0, 1158, 2672, 2572, 160, 11.07%, 6, 0, 2, 114.17
1464077325, 0, 1174, 2672, 2571, 159, 11.07%, 6, 0, 2, 174.88
1464077371, 0, 1190, 2672, 2570, 158, 11.07%, 6, 0, 2, 1348.26
1464077525, 0, 1193, 2672, 2569, 157, 11.07%, 6, 0, 2, 153.16
1464077587, 0, 1198, 2672, 2568, 156, 11.07%, 6, 0, 2, 269.75
1464077627, 0, 1203, 2672, 2567, 155, 11.07%, 6, 0, 2, 946.44
1464077729, 0, 1213, 2672, 2566, 154, 11.07%, 6, 0, 2, 325.36
1464077919, 0, 1224, 2672, 2565, 154, 11.07%, 6, 0, 2, 50.36
1464078026, 0, 1228, 2672, 2564, 154, 11.07%, 6, 0, 2, 574.22
1464078148, 0, 1233, 2672, 2563, 153, 11.07%, 6, 0, 2, 867.10
1464078158, 0, 1233, 2672, 2563, 153, 11.07%, 7, 0, 2, 325.70
1464078467, 0, 1234, 2672, 2562, 152, 11.07%, 7, 0, 2, 256.78
1464078960, 0, 1237, 2672, 2561, 151, 11.07%, 7, 0, 2, 1750.12
1464079073, 0, 1244, 2672, 2560, 150, 11.07%, 7, 0, 2, 83.50
1464079248, 0, 1247, 2672, 2559, 149, 11.07%, 7, 0, 2, 172.04
1464079284, 0, 1249, 2672, 2558, 148, 11.07%, 7, 0, 2, 38.12
1464079386, 0, 1253, 2672, 2557, 147, 11.07%, 7, 0, 2, 1181.30
1464079417, 0, 1257, 2672, 2556, 146, 11.07%, 7, 0, 2, 37.43
1464079453, 0, 1264, 2672, 2555, 145, 11.07%, 7, 0, 2, 1250.06
1464079494, 0, 1266, 2672, 2554, 144, 11.07%, 7, 0, 2, 23.80
1464079585, 0, 1283, 2672, 2553, 143, 11.07%, 7, 0, 2, 559.92
1464079862, 0, 1287, 2672, 2552, 142, 11.07%, 7, 0, 2, 28.74
1464079893, 0, 1292, 2672, 2551, 141, 11.07%, 7, 0, 2, 21.05
1464080034, 0, 1308, 2672, 2550, 140, 11.07%, 7, 0, 2, 952.10
1464080347, 0, 1321, 2672, 2549, 139, 11.07%, 7, 0, 2, 3049.53
1464080479, 0, 1339, 2672, 2548, 138, 11.07%, 7, 0, 2, 662.16
1464080643, 0, 1358, 2672, 2547, 137, 11.07%, 7, 0, 2, 686.63
1464080807, 0, 1362, 2672, 2546, 136, 11.07%, 7, 0, 2, 23.15
1464080854, 0, 1410, 2672, 2545, 135, 11.07%, 7, 0, 2, 592.65
1464081032, 0, 1431, 2672, 2544, 134, 11.07%, 7, 0, 2, 181.46
1464081232, 0, 1448, 2672, 2543, 133, 11.07%, 7, 0, 2, 136.87
1464081314, 0, 1463, 2672, 2542, 132, 11.07%, 7, 0, 2, 899.98
1464081478, 0, 1464, 2672, 2541, 131, 11.07%, 7, 0, 2, 28.58
1464081565, 0, 1469, 2672, 2540, 130, 11.07%, 7, 0, 2, 95.70
1464082058, 0, 1478, 2672, 2539, 129, 11.07%, 7, 0, 2, 172.71
1464082231, 0, 1482, 2672, 2538, 128, 11.07%, 7, 0, 2, 217.11
1464082313, 0, 1483, 2672, 2537, 127, 11.07%, 7, 0, 2, 167.81
1464082922, 0, 1493, 2672, 2536, 126, 11.07%, 7, 0, 2, 1563.36
1464083065, 0, 1495, 2672, 2535, 125, 11.07%, 7, 0, 2, 304.01
1464083199, 0, 1539, 2672, 2534, 124, 11.07%, 7, 0, 2, 231.27
1464083290, 0, 1544, 2672, 2533, 123, 11.07%, 7, 0, 2, 395.61
1464083484, 0, 1559, 2672, 2532, 122, 11.07%, 7, 0, 2, 649.01
1464084035, 0, 1578, 2672, 2531, 121, 11.07%, 7, 0, 2, 394.67
1464084684, 0, 1585, 2672, 2530, 120, 11.07%, 7, 0, 2, 329.08
1464084914, 0, 1591, 2672, 2529, 119, 11.07%, 7, 0, 2, 97.85
1464085268, 0, 1655, 2672, 2528, 118, 11.07%, 7, 0, 2, 280.71
1464085586, 0, 1691, 2672, 2527, 118, 11.07%, 7, 0, 2, 63.81
1464085698, 0, 1706, 2672, 2526, 117, 11.07%, 7, 0, 2, 781.27
1464085933, 0, 1713, 2672, 2525, 116, 11.07%, 7, 0, 2, 103.01
1464086010, 0, 1716, 2672, 2524, 115, 11.07%, 7, 0, 2, 255.84
1464086051, 0, 1740, 2672, 2523, 114, 11.07%, 7, 0, 2, 312.72
1464086511, 0, 1746, 2672, 2522, 113, 11.07%, 7, 0, 2, 605.04
1464086978, 0, 1759, 2672, 2521, 112, 11.07%, 7, 0, 2, 603.38
1464088032, 0, 1767, 2672, 2520, 111, 11.07%, 7, 0, 2, 315.41
1464088098, 0, 1780, 2672, 2519, 110, 11.07%, 7, 0, 2, 211.49
1464088109, 0, 1780, 2673, 2520, 110, 11.07%, 7, 0, 2, 333.82
1464088283, 0, 1783, 2673, 2519, 110, 11.07%, 7, 0, 2, 117.95
1464088396, 0, 1789, 2673, 2518, 109, 11.07%, 7, 0, 2, 1944.19
1464089064, 0, 1793, 2673, 2517, 108, 11.07%, 7, 0, 2, 182.97
1464089699, 0, 1794, 2673, 2516, 107, 11.07%, 7, 0, 2, 60.58
1464089868, 0, 1795, 2673, 2515, 106, 11.07%, 7, 0, 2, 312.03
1464090042, 0, 1797, 2673, 2514, 105, 11.07%, 7, 0, 2, 1540.13
1464090221, 0, 1799, 2673, 2513, 104, 11.07%, 7, 0, 2, 1417.39
1464090344, 0, 1800, 2673, 2512, 104, 11.07%, 7, 0, 2, 442.04
1464090567, 0, 1801, 2673, 2511, 103, 11.07%, 7, 0, 2, 3202.32
1464090772, 0, 1802, 2673, 2510, 102, 11.07%, 7, 0, 2, 2033.69
1464091157, 0, 1804, 2673, 2509, 100, 11.07%, 7, 0, 2, 354.20
1464091326, 0, 1806, 2673, 2508, 99, 11.07%, 7, 0, 2, 165.06
1464091663, 0, 1807, 2674, 2508, 98, 11.07%, 7, 0, 2, 150.86
1464091762, 0, 1813, 2674, 2507, 97, 11.07%, 7, 0, 2, 732.39
1464091874, 0, 1817, 2674, 2506, 96, 11.07%, 7, 0, 2, 3.68
1464092373, 0, 1820, 2674, 2505, 95, 11.07%, 7, 0, 2, 131.24
1464092521, 0, 1822, 2674, 2504, 94, 11.07%, 7, 0, 2, 3699.44
1464092716, 0, 1837, 2674, 2503, 94, 11.07%, 7, 0, 2, 252.06
1464092921, 0, 1844, 2674, 2502, 93, 11.07%, 7, 0, 2, 277.56
1464093316, 0, 1845, 2674, 2501, 92, 11.07%, 7, 0, 2, 411.94
1464093423, 0, 1874, 2674, 2500, 91, 11.07%, 7, 0, 2, 950.07
1464093509, 0, 1875, 2674, 2499, 90, 11.07%, 7, 0, 2, 2745.81
1464093891, 0, 1876, 2674, 2498, 89, 11.07%, 7, 0, 2, 925.51
1464094071, 0, 1944, 2674, 2497, 88, 11.07%, 7, 0, 2, 191.42
1464094282, 0, 1950, 2674, 2496, 87, 11.07%, 7, 0, 2, 952.63
1464094498, 0, 1955, 2674, 2495, 86, 11.07%, 7, 0, 2, 31.62
1464094655, 0, 1962, 2674, 2494, 86, 11.07%, 7, 0, 2, 272.69
1464094815, 0, 1973, 2674, 2493, 85, 11.07%, 7, 0, 2, 33.27
1464094932, 0, 1974, 2674, 2492, 84, 11.07%, 7, 0, 2, 50.97
1464095335, 0, 1979, 2674, 2491, 83, 11.07%, 7, 0, 2, 217.90
1464095421, 0, 1985, 2674, 2490, 82, 11.07%, 7, 0, 2, 171.30
1464095689, 0, 2014, 2674, 2489, 81, 11.07%, 7, 0, 2, 71.78
1464096278, 0, 2022, 2675, 2489, 80, 11.07%, 7, 0, 2, 259.50
1464096843, 0, 2027, 2675, 2488, 79, 11.07%, 7, 0, 2, 25.45
1464097105, 0, 2027, 2676, 2489, 79, 11.07%, 7, 0, 2, 5.02
1464097280, 0, 2032, 2676, 2488, 78, 11.07%, 7, 0, 2, 2.28
1464098396, 0, 2084, 2676, 2487, 78, 11.07%, 7, 0, 2, 885.57
1464098999, 0, 2087, 2676, 2486, 77, 11.07%, 7, 0, 2, 355.00
